0.999911,0.0108158,-0.00642772,0,0.010794,-0.999926,-0.00342316,0,-0.0064644,0.00335354,-0.999973,0,0.226228,-0.34791,0.366159,1
0.999911,0.010829,-0.00644101,0,0.010807,-0.999926,-0.00343271,0,-0.00647783,0.00336286,-0.999973,0,0.226233,-0.347907,0.366153,1
0.999911,0.0108409,-0.00645372,0,0.0108188,-0.999926,-0.00344795,0,-0.00649075,0.00337788,-0.999973,0,0.226237,-0.347904,0.366144,1
0.999911,0.0108439,-0.00646004,0,0.0108217,-0.999926,-0.00346171,0,-0.00649723,0.00339156,-0.999973,0,0.226239,-0.347901,0.366138,1
0.999911,0.0108562,-0.00646808,0,0.0108339,-0.999926,-0.00347581,0,-0.00650546,0.00340549,-0.999973,0,0.226243,-0.347899,0.366131,1
0.99991,0.0108647,-0.00647779,0,0.0108423,-0.999926,-0.00348576,0,-0.00651531,0.00341528,-0.999973,0,0.226245,-0.347896,0.366126,1
0.99991,0.0108839,-0.00649375,0,0.0108613,-0.999925,-0.00349745,0,-0.00653146,0.00342667,-0.999973,0,0.226251,-0.347892,0.366117,1
0.99991,0.0108899,-0.00650291,0,0.0108673,-0.999925,-0.00350583,0,-0.00654072,0.00343491,-0.999973,0,0.226254,-0.347888,0.366113,1
0.99991,0.0109137,-0.0065182,0,0.010891,-0.999925,-0.00351615,0,-0.00655621,0.00344491,-0.999973,0,0.226264,-0.347881,0.366105,1
0.999909,0.010949,-0.00652543,0,0.0109261,-0.999924,-0.00352682,0,-0.00656368,0.00345527,-0.999972,0,0.226276,-0.347873,0.366101,1
0.999909,0.010988,-0.00653645,0,0.010965,-0.999924,-0.00353221,0,-0.00657489,0.00346028,-0.999972,0,0.226295,-0.34786,0.366096,1
0.999908,0.0110417,-0.00655471,0,0.0110186,-0.999923,-0.0035441,0,-0.00659347,0.00347161,-0.999972,0,0.226323,-0.347841,0.366088,1
0.999907,0.0110999,-0.0065725,0,0.0110768,-0.999923,-0.00355192,0,-0.00661155,0.00347885,-0.999972,0,0.226359,-0.347819,0.366081,1
0.999906,0.0111856,-0.0065926,0,0.0111623,-0.999922,-0.00355929,0,-0.00663202,0.00348544,-0.999972,0,0.226407,-0.347789,0.366074,1
0.999905,0.0112852,-0.00662547,0,0.0112619,-0.999921,-0.00355623,0,-0.00666521,0.00348134,-0.999972,0,0.226463,-0.347756,0.366068,1
0.999903,0.0113931,-0.00667108,0,0.0113695,-0.999919,-0.00356036,0,-0.00671123,0.00348423,-0.999971,0,0.226521,-0.347718,0.366056,1
0.999902,0.0114934,-0.00671772,0,0.0114697,-0.999918,-0.00355435,0,-0.00675816,0.00347702,-0.999971,0,0.226578,-0.347685,0.366049,1
0.9999,0.011583,-0.00677729,0,0.0115592,-0.999917,-0.00355216,0,-0.006818,0.00347353,-0.999971,0,0.226629,-0.34765,0.366037,1
0.999899,0.0116613,-0.00683547,0,0.0116373,-0.999916,-0.00353881,0,-0.0068763,0.00345897,-0.99997,0,0.226678,-0.347616,0.366029,1
0.999898,0.0117209,-0.00688632,0,0.0116969,-0.999916,-0.00352418,0,-0.00692718,0.00344334,-0.99997,0,0.226723,-0.347586,0.366021,1
0.999897,0.0117646,-0.00693619,0,0.0117404,-0.999915,-0.00351626,0,-0.0069771,0.00343453,-0.99997,0,0.226771,-0.347556,0.366011,1
0.999897,0.0117856,-0.00697673,0,0.0117613,-0.999915,-0.00351802,0,-0.00701773,0.00343567,-0.999969,0,0.226818,-0.347528,0.366001,1
0.999896,0.0117938,-0.00701122,0,0.0117693,-0.999915,-0.00352873,0,-0.00705237,0.00344591,-0.999969,0,0.226868,-0.347499,0.36599,1
0.999896,0.0117881,-0.00702749,0,0.0117633,-0.999915,-0.00355016,0,-0.00706888,0.00346719,-0.999969,0,0.226921,-0.347471,0.36598,1
0.999896,0.0117676,-0.00704365,0,0.0117425,-0.999915,-0.0035822,0,-0.00708534,0.00349919,-0.999969,0,0.226974,-0.34744,0.365967,1
0.999897,0.0117451,-0.00705354,0,0.0117199,-0.999915,-0.00360858,0,-0.00709546,0.00352561,-0.999969,0,0.227032,-0.347407,0.365956,1
0.999897,0.0117098,-0.00705233,0,0.0116844,-0.999916,-0.00362978,0,-0.00709437,0.00354707,-0.999969,0,0.227092,-0.347374,0.365949,1
0.999897,0.0116843,-0.00705478,0,0.0116588,-0.999916,-0.00364325,0,-0.00709689,0.00356069,-0.999968,0,0.227156,-0.347341,0.365944,1
0.999897,0.0116628,-0.00706064,0,0.0116372,-0.999916,-0.00366076,0,-0.00710288,0.00357829,-0.999968,0,0.227226,-0.347298,0.365936,1
0.999898,0.0116412,-0.00706908,0,0.0116154,-0.999916,-0.00368153,0,-0.00711148,0.00359911,-0.999968,0,0.2273,-0.347255,0.365927,1
0.999898,0.0116274,-0.00707958,0,0.0116014,-0.999916,-0.00369553,0,-0.00712209,0.00361309,-0.999968,0,0.227382,-0.347207,0.36592,1
0.999898,0.0116207,-0.00709179,0,0.0115946,-0.999916,-0.00370972,0,-0.00713445,0.00362718,-0.999968,0,0.22747,-0.347156,0.365913,1
0.999898,0.0116106,-0.00709904,0,0.0115844,-0.999916,-0.00372073,0,-0.00714178,0.00363818,-0.999968,0,0.227558,-0.347105,0.365909,1
0.999898,0.0115856,-0.0071103,0,0.0115592,-0.999917,-0.0037382,0,-0.00715315,0.0036557,-0.999968,0,0.227647,-0.347053,0.365899,1
0.999898,0.011572,-0.00712598,0,0.0115454,-0.999917,-0.00375928,0,-0.00716903,0.0036767,-0.999968,0,0.227743,-0.346997,0.365889,1
0.999898,0.0115465,-0.00713596,0,0.0115198,-0.999917,-0.00377964,0,-0.00717914,0.00369712,-0.999967,0,0.227837,-0.346943,0.36588,1
0.999898,0.011522,-0.00714522,0,0.0114951,-0.999917,-0.00379326,0,-0.00718847,0.00371081,-0.999967,0,0.227934,-0.346888,0.365874,1
0.999899,0.0114931,-0.00715183,0,0.011466,-0.999917,-0.00381972,0,-0.00719528,0.0037374,-0.999967,0,0.228034,-0.346832,0.365864,1
0.999899,0.0114361,-0.00715277,0,0.0114088,-0.999918,-0.00384676,0,-0.00719631,0.00376484,-0.999967,0,0.228129,-0.346779,0.365855,1
0.9999,0.0113914,-0.00715139,0,0.0113639,-0.999918,-0.00387483,0,-0.00719508,0.00379325,-0.999967,0,0.228231,-0.346722,0.365847,1
0.999901,0.011329,-0.00714341,0,0.0113014,-0.999919,-0.00389859,0,-0.00718714,0.00381754,-0.999967,0,0.228336,-0.346665,0.365841,1
0.999901,0.0112648,-0.00713671,0,0.0112371,-0.99992,-0.00391618,0,-0.00718039,0.00383568,-0.999967,0,0.228443,-0.346607,0.365836,1
0.999902,0.0111902,-0.00712967,0,0.0111623,-0.99992,-0.00393766,0,-0.0071733,0.00385777,-0.999967,0,0.228549,-0.346549,0.365829,1
0.999903,0.011111,-0.00712511,0,0.011083,-0.999921,-0.00395963,0,-0.00716868,0.00388036,-0.999967,0,0.228659,-0.346489,0.365822,1
0.999904,0.0110396,-0.00711638,0,0.0110116,-0.999922,-0.00397055,0,-0.00715979,0.00389188,-0.999967,0,0.228773,-0.346425,0.36582,1
0.999905,0.010978,-0.00711472,0,0.0109498,-0.999922,-0.00399154,0,-0.00715812,0.00391333,-0.999967,0,0.228892,-0.346358,0.365814,1
0.999906,0.0109051,-0.00711309,0,0.0108768,-0.999923,-0.00400522,0,-0.00715636,0.00392755,-0.999967,0,0.229011,-0.346292,0.365809,1
0.999906,0.0108301,-0.00710973,0,0.0108017,-0.999924,-0.00401783,0,-0.00715284,0.00394073,-0.999967,0,0.229135,-0.346223,0.365806,1
0.999909,0.0106027,-0.00710507,0,0.0105739,-0.999926,-0.0040736,0,-0.00714787,0.00399817,-0.999966,0,0.229521,-0.34601,0.365785,1
0.99991,0.010518,-0.00710016,0,0.0104891,-0.999927,-0.00408961,0,-0.00714279,0.00401484,-0.999966,0,0.229655,-0.345936,0.365779,1
0.999911,0.0104297,-0.0070953,0,0.0104007,-0.999928,-0.00410415,0,-0.00713774,0.00403007,-0.999966,0,0.229791,-0.345864,0.365774,1
0.999912,0.0103412,-0.00708861,0,0.0103122,-0.999929,-0.00411835,0,-0.00713083,0.00404497,-0.999966,0,0.229927,-0.345789,0.365767,1
0.999913,0.0102586,-0.00708768,0,0.0102294,-0.999929,-0.00414251,0,-0.00712982,0.00406972,-0.999966,0,0.23007,-0.34571,0.365757,1
0.999914,0.0101743,-0.00708364,0,0.0101451,-0.99993,-0.00415602,0,-0.00712557,0.00408387,-0.999966,0,0.230213,-0.345632,0.365749,1
0.999914,0.0101004,-0.00707853,0,0.0100711,-0.999931,-0.00416288,0,-0.00712022,0.00409131,-0.999966,0,0.230362,-0.34555,0.365744,1
0.999915,0.0100496,-0.00708075,0,0.0100202,-0.999931,-0.00417705,0,-0.00712238,0.00410583,-0.999966,0,0.230518,-0.345461,0.365737,1
0.999915,0.00999428,-0.00707972,0,0.00996491,-0.999932,-0.00417198,0,-0.00712107,0.00410115,-0.999966,0,0.230674,-0.345374,0.365736,1
0.999916,0.00992835,-0.00708627,0,0.00989888,-0.999933,-0.00418112,0,-0.00712744,0.0041107,-0.999966,0,0.230833,-0.345284,0.365729,1
0.999916,0.00988911,-0.00708988,0,0.00985962,-0.999933,-0.00418356,0,-0.00713092,0.00411339,-0.999966,0,0.230999,-0.34519,0.365724,1
0.999917,0.00984179,-0.00710056,0,0.00981217,-0.999933,-0.00419433,0,-0.00714151,0.00412439,-0.999966,0,0.231166,-0.345095,0.365716,1
0.999917,0.00980526,-0.00710612,0,0.00977556,-0.999934,-0.00420232,0,-0.00714699,0.00413259,-0.999966,0,0.231341,-0.344995,0.365709,1
0.999917,0.00977071,-0.00711097,0,0.00974092,-0.999934,-0.00421246,0,-0.0071518,0.00414293,-0.999966,0,0.231519,-0.344896,0.365703,1
0.999918,0.00973287,-0.00711714,0,0.00970298,-0.999934,-0.00422252,0,-0.00715791,0.0041532,-0.999966,0,0.231704,-0.344793,0.365695,1
0.999918,0.00971402,-0.00713,0,0.009684,-0.999935,-0.00423337,0,-0.00717079,0.00416406,-0.999966,0,0.231895,-0.344684,0.365687,1
0.999918,0.00969124,-0.00713868,0,0.0096611,-0.999935,-0.00424478,0,-0.00717948,0.00417554,-0.999966,0,0.23209,-0.344576,0.365678,1
0.999918,0.00967301,-0.00714428,0,0.00964278,-0.999935,-0.00425289,0,-0.00718509,0.00418373,-0.999965,0,0.232289,-0.344463,0.365672,1
0.999918,0.00966559,-0.00715286,0,0.00963525,-0.999935,-0.00426435,0,-0.00719375,0.00419516,-0.999965,0,0.232493,-0.344347,0.365663,1
0.999918,0.009655,-0.00716567,0,0.00962453,-0.999935,-0.0042746,0,-0.00720662,0.00420536,-0.999965,0,0.232704,-0.344227,0.365655,1
0.999918,0.00966067,-0.00717948,0,0.00963007,-0.999935,-0.00428533,0,-0.00722055,0.00421592,-0.999965,0,0.232922,-0.344102,0.365647,1
0.999918,0.00964153,-0.00719356,0,0.00961076,-0.999935,-0.00429966,0,-0.00723469,0.00423025,-0.999965,0,0.233138,-0.343976,0.365637,1
0.999918,0.00964095,-0.00721036,0,0.00961006,-0.999935,-0.00430747,0,-0.00725156,0.0042379,-0.999965,0,0.233366,-0.343844,0.365629,1
0.999918,0.00964385,-0.00722019,0,0.00961287,-0.999935,-0.004313,0,-0.00726146,0.00424332,-0.999965,0,0.233597,-0.34371,0.365623,1
0.999918,0.00964467,-0.00723536,0,0.00961351,-0.999935,-0.0043289,0,-0.00727678,0.00425906,-0.999964,0,0.233832,-0.343572,0.365613,1
0.999917,0.0096623,-0.00724903,0,0.00963098,-0.999935,-0.0043433,0,-0.00729066,0.00427321,-0.999964,0,0.234076,-0.343431,0.365604,1
0.999917,0.00964803,-0.00726197,0,0.00961645,-0.999935,-0.00437121,0,-0.00730381,0.0043011,-0.999964,0,0.234316,-0.34329,0.365591,1
0.999917,0.00963823,-0.00727244,0,0.00960653,-0.999935,-0.00438079,0,-0.00731432,0.00431065,-0.999964,0,0.234563,-0.343147,0.365584,1
0.999917,0.00964291,-0.0072829,0,0.00961108,-0.999935,-0.00439386,0,-0.00732493,0.00432358,-0.999964,0,0.234815,-0.343003,0.365575,1
0.999917,0.00964617,-0.0072926,0,0.00961422,-0.999934,-0.00440456,0,-0.00733475,0.00433417,-0.999964,0,0.235071,-0.342855,0.365567,1
0.999917,0.00963708,-0.00730042,0,0.00960498,-0.999934,-0.00441919,0,-0.00734267,0.00434879,-0.999964,0,0.23533,-0.342705,0.365559,1
0.999917,0.00963341,-0.00730053,0,0.00960122,-0.999934,-0.00443222,0,-0.00734289,0.00436184,-0.999964,0,0.235592,-0.342556,0.365553,1
0.999918,0.00961374,-0.00730177,0,0.00958147,-0.999935,-0.00444106,0,-0.00734413,0.00437081,-0.999963,0,0.235858,-0.342407,0.365548,1
0.999918,0.00959489,-0.00730195,0,0.00956248,-0.999935,-0.0044614,0,-0.00734442,0.00439129,-0.999963,0,0.23612,-0.342257,0.36554,1
0.999918,0.00958109,-0.00730474,0,0.00954849,-0.999935,-0.0044845,0,-0.00734737,0.00441447,-0.999963,0,0.236393,-0.342101,0.365528,1
0.999918,0.0095686,-0.00730782,0,0.00953588,-0.999935,-0.00449822,0,-0.00735053,0.00442825,-0.999963,0,0.236671,-0.341942,0.36552,1
0.999918,0.0095512,-0.00731275,0,0.00951837,-0.999935,-0.00451064,0,-0.00735549,0.00444075,-0.999963,0,0.236945,-0.341786,0.365512,1
0.999918,0.00953818,-0.00732041,0,0.0095052,-0.999935,-0.00452689,0,-0.00736326,0.00445703,-0.999963,0,0.237229,-0.341622,0.365503,1
0.999918,0.00953415,-0.00732318,0,0.00950109,-0.999935,-0.00453531,0,-0.00736609,0.00446545,-0.999963,0,0.237515,-0.341459,0.365497,1
0.999918,0.00951138,-0.00732238,0,0.00947824,-0.999935,-0.00454767,0,-0.0073653,0.00447798,-0.999963,0,0.237798,-0.341296,0.365492,1
0.999918,0.00950018,-0.00732753,0,0.00946689,-0.999935,-0.00456395,0,-0.00737055,0.0044943,-0.999963,0,0.238089,-0.341129,0.365485,1
0.999918,0.00949029,-0.00733732,0,0.00945681,-0.999935,-0.00458416,0,-0.00738049,0.00451449,-0.999963,0,0.238384,-0.34096,0.365475,1
0.999918,0.00949245,-0.00733826,0,0.00945892,-0.999935,-0.00459045,0,-0.00738151,0.00452075,-0.999963,0,0.238686,-0.340792,0.36547,1
0.999918,0.00950236,-0.00733906,0,0.00946874,-0.999935,-0.00460186,0,-0.00738245,0.00453208,-0.999962,0,0.238989,-0.340622,0.365464,1
0.999918,0.00951111,-0.00734368,0,0.00947737,-0.999935,-0.00461518,0,-0.00738724,0.0045453,-0.999962,0,0.239296,-0.340449,0.365457,1
0.999918,0.00949955,-0.00734175,0,0.00946573,-0.999935,-0.00462704,0,-0.00738537,0.00455726,-0.999962,0,0.239604,-0.340275,0.365452,1
0.999918,0.009502,-0.00734342,0,0.00946809,-0.999935,-0.00463851,0,-0.00738716,0.00456869,-0.999962,0,0.239909,-0.340101,0.365446,1
0.999918,0.00948889,-0.00733776,0,0.00945491,-0.999935,-0.00465162,0,-0.00738157,0.00458195,-0.999962,0,0.24022,-0.339926,0.365441,1
0.999918,0.00948432,-0.00733815,0,0.00945027,-0.999935,-0.00466106,0,-0.00738202,0.00459142,-0.999962,0,0.240534,-0.33975,0.365434,1
0.999919,0.00945327,-0.00732786,0,0.00941921,-0.999935,-0.00466806,0,-0.00737166,0.00459875,-0.999962,0,0.240844,-0.339581,0.36543,1
0.999919,0.00943535,-0.00732053,0,0.0094013,-0.999935,-0.00467247,0,-0.00736428,0.00460336,-0.999962,0,0.241164,-0.339404,0.365427,1
0.99992,0.00934584,-0.00730229,0,0.00931175,-0.999936,-0.00468859,0,-0.00734579,0.0046203,-0.999962,0,0.242123,-0.338876,0.365419,1
0.99992,0.00931257,-0.00730282,0,0.00927836,-0.999936,-0.00470508,0,-0.00734631,0.00463703,-0.999962,0,0.242443,-0.338697,0.365412,1
0.999921,0.00927579,-0.00730257,0,0.00924153,-0.999937,-0.00471159,0,-0.00734595,0.00464382,-0.999962,0,0.24277,-0.338516,0.365407,1
0.999921,0.00927656,-0.00730122,0,0.00924233,-0.999937,-0.00470882,0,-0.00734458,0.00464105,-0.999962,0,0.243109,-0.338327,0.365404,1
0.999921,0.00923965,-0.00729737,0,0.0092055,-0.999937,-0.00469936,0,-0.00734047,0.0046319,-0.999962,0,0.243442,-0.338148,0.365403,1
0.999921,0.00923852,-0.00729858,0,0.00920446,-0.999937,-0.00468623,0,-0.00734156,0.00461877,-0.999962,0,0.243787,-0.337958,0.365403,1
0.999921,0.00923081,-0.00730634,0,0.00919669,-0.999937,-0.00468994,0,-0.00734931,0.00462247,-0.999962,0,0.244133,-0.337767,0.365397,1
0.999921,0.0092298,-0.00731448,0,0.00919562,-0.999937,-0.00469283,0,-0.00735748,0.00462529,-0.999962,0,0.244486,-0.337572,0.365392,1
0.999921,0.00925264,-0.00732339,0,0.00921849,-0.999937,-0.00468353,0,-0.0073664,0.00461574,-0.999962,0,0.244846,-0.337372,0.36539,1
0.999921,0.00924331,-0.00732627,0,0.0092092,-0.999937,-0.00467617,0,-0.00736918,0.00460842,-0.999962,0,0.245204,-0.337177,0.365386,1
0.999921,0.00925788,-0.00732986,0,0.00922388,-0.999937,-0.00465885,0,-0.00737267,0.00459096,-0.999962,0,0.245572,-0.336974,0.365385,1
0.99992,0.00928475,-0.0073352,0,0.00925076,-0.999937,-0.00465371,0,-0.00737808,0.00458558,-0.999962,0,0.245942,-0.33677,0.365381,1
0.99992,0.00931697,-0.00733707,0,0.00928308,-0.999937,-0.0046396,0,-0.00737997,0.0045712,-0.999962,0,0.246322,-0.336561,0.36538,1
0.99992,0.0093558,-0.00734314,0,0.00932193,-0.999936,-0.00463308,0,-0.00738616,0.00456434,-0.999962,0,0.246706,-0.336347,0.365376,1
0.999919,0.00939682,-0.00735283,0,0.00936294,-0.999936,-0.00462885,0,-0.007396,0.00455972,-0.999962,0,0.247083,-0.336138,0.365369,1
0.999919,0.00940777,-0.00735578,0,0.00937399,-0.999936,-0.00461285,0,-0.00739884,0.00454361,-0.999962,0,0.247462,-0.335928,0.365366,1
0.999918,0.00947698,-0.0073563,0,0.00944333,-0.999935,-0.00459571,0,-0.00739952,0.00452595,-0.999962,0,0.247852,-0.335714,0.365366,1
0.999918,0.00953195,-0.00736278,0,0.00949831,-0.999935,-0.00459043,0,-0.0074062,0.00452021,-0.999962,0,0.248247,-0.335494,0.365361,1
0.999917,0.00958518,-0.00737214,0,0.00955158,-0.999934,-0.00457862,0,-0.00741568,0.00450791,-0.999962,0,0.24865,-0.33527,0.365358,1
0.999917,0.00963929,-0.00738625,0,0.00960567,-0.999934,-0.00457415,0,-0.00743,0.00450291,-0.999962,0,0.249047,-0.335046,0.365351,1
0.999916,0.00969326,-0.00740184,0,0.00965967,-0.999933,-0.00456045,0,-0.0074457,0.00448865,-0.999962,0,0.249451,-0.334822,0.365346,1
0.999915,0.0097746,-0.00741663,0,0.00974106,-0.999933,-0.00454522,0,-0.0074607,0.00447268,-0.999962,0,0.249865,-0.334591,0.365341,1
0.999914,0.0098509,-0.00742713,0,0.00981748,-0.999932,-0.00452273,0,-0.00747132,0.00444951,-0.999962,0,0.250282,-0.334358,0.36534,1
0.999914,0.00990206,-0.00744129,0,0.00986864,-0.999931,-0.00451422,0,-0.00748562,0.00444048,-0.999962,0,0.250696,-0.334125,0.365335,1
0.999913,0.00994094,-0.00745391,0,0.00990752,-0.999931,-0.004508,0,-0.00749835,0.00443384,-0.999962,0,0.25111,-0.333893,0.365329,1
0.999913,0.0099631,-0.00746522,0,0.00992967,-0.999931,-0.00450206,0,-0.0075097,0.00442762,-0.999962,0,0.251524,-0.333663,0.365321,1
0.999912,0.0100031,-0.00746857,0,0.00996974,-0.999931,-0.00449124,0,-0.00751312,0.00441647,-0.999962,0,0.251942,-0.333433,0.365317,1
0.999912,0.0100266,-0.00746727,0,0.00999333,-0.99993,-0.0044826,0,-0.00751184,0.00440767,-0.999962,0,0.252367,-0.333199,0.365314,1
0.999912,0.0100008,-0.00748056,0,0.00996739,-0.999931,-0.00448995,0,-0.00752509,0.00441508,-0.999962,0,0.25278,-0.332968,0.365304,1
0.999912,0.0100077,-0.00748972,0,0.00997438,-0.999931,-0.00447637,0,-0.00753414,0.00440136,-0.999962,0,0.253199,-0.332738,0.365301,1
0.999912,0.0100012,-0.00749489,0,0.00996786,-0.999931,-0.00447162,0,-0.00753923,0.00439661,-0.999962,0,0.253616,-0.332509,0.365295,1
0.999912,0.0100184,-0.00750138,0,0.00998514,-0.999931,-0.00445475,0,-0.00754563,0.00437954,-0.999962,0,0.254042,-0.332275,0.365296,1
0.999912,0.0100326,-0.00751351,0,0.00999933,-0.99993,-0.00444986,0,-0.00755778,0.00437443,-0.999962,0,0.254466,-0.332041,0.36529,1
0.999912,0.0100564,-0.0075208,0,0.0100232,-0.99993,-0.00443468,0,-0.00756501,0.00435898,-0.999962,0,0.2549,-0.331799,0.365288,1
0.999911,0.0101036,-0.00752961,0,0.0100704,-0.99993,-0.00442773,0,-0.00757397,0.00435159,-0.999962,0,0.255337,-0.331553,0.365282,1
0.99991,0.0101522,-0.00754497,0,0.0101191,-0.999929,-0.00440741,0,-0.00758933,0.00433075,-0.999962,0,0.255779,-0.331309,0.365278,1
0.99991,0.0102172,-0.007558,0,0.0101842,-0.999929,-0.00438646,0,-0.00760243,0.00430917,-0.999962,0,0.25623,-0.331055,0.365278,1
0.999909,0.0102758,-0.00756648,0,0.0102429,-0.999928,-0.00437185,0,-0.00761101,0.00429403,-0.999962,0,0.256678,-0.330804,0.365278,1
0.999909,0.0102973,-0.00758655,0,0.0102643,-0.999928,-0.00437273,0,-0.00763118,0.00429454,-0.999962,0,0.257129,-0.330552,0.365268,1
0.999908,0.0103646,-0.00759206,0,0.0103316,-0.999927,-0.00436793,0,-0.00763693,0.00428918,-0.999962,0,0.257585,-0.330298,0.365264,1
0.999907,0.0103941,-0.00760139,0,0.0103611,-0.999927,-0.00436699,0,-0.00764638,0.00428791,-0.999962,0,0.258041,-0.330044,0.365259,1
0.999907,0.0104195,-0.00760191,0,0.0103866,-0.999927,-0.00435665,0,-0.00764689,0.00427737,-0.999962,0,0.258497,-0.329789,0.365255,1
0.999907,0.0104488,-0.00760903,0,0.0104159,-0.999927,-0.00435702,0,-0.00765415,0.00427744,-0.999962,0,0.258958,-0.329533,0.365248,1
0.999907,0.010462,-0.00760825,0,0.0104292,-0.999927,-0.00434818,0,-0.00765333,0.00426851,-0.999962,0,0.25942,-0.329277,0.365246,1
0.999906,0.0105156,-0.00761535,0,0.0104828,-0.999926,-0.00434312,0,-0.0076606,0.00426297,-0.999962,0,0.25989,-0.329012,0.365242,1
0.999906,0.0105425,-0.00762573,0,0.0105095,-0.999926,-0.00434749,0,-0.00767114,0.00426702,-0.999961,0,0.260356,-0.32875,0.365232,1
0.999905,0.010579,-0.00762038,0,0.0105463,-0.999925,-0.00431239,0,-0.00766558,0.0042317,-0.999962,0,0.260834,-0.328486,0.365236,1
0.999905,0.0106438,-0.00763096,0,0.0106111,-0.999925,-0.00430875,0,-0.00767639,0.00422744,-0.999962,0,0.261314,-0.328215,0.36523,1
0.999904,0.0107059,-0.00764364,0,0.0106732,-0.999924,-0.00429982,0,-0.00768924,0.0042179,-0.999962,0,0.261794,-0.327941,0.365224,1
0.999903,0.010742,-0.00765026,0,0.0107093,-0.999924,-0.00429703,0,-0.00769598,0.00421477,-0.999962,0,0.262271,-0.327671,0.365219,1
0.999903,0.0107782,-0.00764469,0,0.0107456,-0.999923,-0.00429468,0,-0.00769054,0.0042122,-0.999962,0,0.262743,-0.32741,0.365216,1
0.999903,0.0107891,-0.00764981,0,0.0107563,-0.999923,-0.00430895,0,-0.00769586,0.00422632,-0.999961,0,0.263213,-0.327147,0.365203,1
0.999903,0.010834,-0.00763502,0,0.0108014,-0.999923,-0.00430193,0,-0.00768119,0.00421912,-0.999962,0,0.26369,-0.326884,0.365203,1
0.999903,0.0108117,-0.00762592,0,0.010779,-0.999923,-0.00430969,0,-0.00767207,0.00422716,-0.999962,0,0.264153,-0.326634,0.365199,1
0.999903,0.0107932,-0.00761392,0,0.0107606,-0.999923,-0.00431626,0,-0.00766006,0.00423399,-0.999962,0,0.264622,-0.326378,0.365192,1
0.999903,0.0107919,-0.00761185,0,0.0107592,-0.999923,-0.00432445,0,-0.00765808,0.00424222,-0.999962,0,0.265092,-0.326119,0.365183,1
0.999903,0.0108056,-0.00761992,0,0.0107729,-0.999923,-0.00432885,0,-0.00766625,0.00424642,-0.999962,0,0.265572,-0.325853,0.365174,1
0.999902,0.0108588,-0.0076242,0,0.0108261,-0.999922,-0.00431784,0,-0.00767064,0.00423496,-0.999962,0,0.266059,-0.325581,0.365173,1
0.999902,0.0108665,-0.0076416,0,0.0108336,-0.999922,-0.00433019,0,-0.00768821,0.00424706,-0.999961,0,0.266543,-0.325307,0.365157,1
0.999902,0.0108841,-0.00763863,0,0.0108514,-0.999922,-0.00430348,0,-0.00768503,0.00422025,-0.999962,0,0.267038,-0.325033,0.365158,1
0.999902,0.0109124,-0.00764579,0,0.0108798,-0.999922,-0.00428931,0,-0.00769214,0.00420578,-0.999962,0,0.267532,-0.324758,0.365155,1
0.999901,0.0109371,-0.00766065,0,0.0109044,-0.999922,-0.00429741,0,-0.0077072,0.00421353,-0.999961,0,0.268031,-0.324474,0.365142,1
0.999901,0.0109513,-0.00765588,0,0.0109188,-0.999922,-0.00427669,0,-0.00770226,0.00419276,-0.999962,0,0.268534,-0.324192,0.365143,1
0.999901,0.0109527,-0.00766078,0,0.0109202,-0.999922,-0.00427705,0,-0.00770717,0.00419305,-0.999962,0,0.269031,-0.323916,0.365135,1
0.999901,0.0109378,-0.00765886,0,0.0109054,-0.999922,-0.00427056,0,-0.00770512,0.0041867,-0.999962,0,0.269529,-0.323641,0.365132,1
0.999901,0.0109236,-0.00764888,0,0.0108911,-0.999922,-0.0042677,0,-0.00769505,0.00418406,-0.999962,0,0.270028,-0.323371,0.365133,1
0.999901,0.0109355,-0.00764797,0,0.0109031,-0.999922,-0.00427066,0,-0.00769423,0.00418694,-0.999962,0,0.270541,-0.323087,0.365128,1
0.999901,0.0109457,-0.00764882,0,0.0109133,-0.999922,-0.00426445,0,-0.00769504,0.00418064,-0.999962,0,0.27106,-0.322797,0.365125,1
0.999901,0.0109699,-0.00764459,0,0.0109376,-0.999922,-0.00425128,0,-0.00769077,0.00416733,-0.999962,0,0.271576,-0.322513,0.365123,1
0.999901,0.0110014,-0.00765307,0,0.0109694,-0.999921,-0.00421975,0,-0.00769904,0.00413546,-0.999962,0,0.272098,-0.322223,0.365123,1
0.9999,0.0110476,-0.00766791,0,0.0110156,-0.999921,-0.00420499,0,-0.00771391,0.00412018,-0.999962,0,0.27262,-0.321926,0.365117,1
0.9999,0.01105,-0.00767482,0,0.0110181,-0.999921,-0.00418806,0,-0.00772064,0.00410316,-0.999962,0,0.273133,-0.321639,0.365115,1
0.9999,0.0110295,-0.00768501,0,0.0109976,-0.999921,-0.00418894,0,-0.00773075,0.00410409,-0.999962,0,0.273647,-0.321349,0.365107,1
0.9999,0.0110258,-0.00767386,0,0.0109938,-0.999921,-0.00419008,0,-0.0077196,0.00410537,-0.999962,0,0.274163,-0.321064,0.365105,1
0.999901,0.0109784,-0.00768134,0,0.0109464,-0.999922,-0.00419833,0,-0.00772698,0.0041139,-0.999962,0,0.274672,-0.320779,0.365093,1
0.999901,0.0109332,-0.00766956,0,0.0109012,-0.999922,-0.0041948,0,-0.00771498,0.00411086,-0.999962,0,0.275186,-0.320497,0.36509,1
0.999902,0.0108915,-0.00767061,0,0.0108595,-0.999923,-0.00419654,0,-0.00771587,0.00411291,-0.999962,0,0.275698,-0.320213,0.365085,1
0.999902,0.0108668,-0.00767352,0,0.0108348,-0.999923,-0.00419111,0,-0.00771862,0.00410764,-0.999962,0,0.276217,-0.319924,0.365081,1
0.999902,0.0108723,-0.00769721,0,0.0108403,-0.999923,-0.00418645,0,-0.00774228,0.00410268,-0.999962,0,0.276735,-0.319636,0.365075,1
0.999902,0.010866,-0.00771274,0,0.0108339,-0.999923,-0.00418563,0,-0.00775778,0.00410174,-0.999961,0,0.277258,-0.31934,0.365067,1
0.999901,0.0108863,-0.00773652,0,0.0108542,-0.999923,-0.00417534,0,-0.00778153,0.00409103,-0.999961,0,0.277793,-0.319038,0.365058,1
0.999901,0.0109109,-0.0077537,0,0.0108788,-0.999922,-0.00417324,0,-0.00779878,0.00408856,-0.999961,0,0.278322,-0.318738,0.36505,1
0.999901,0.0109307,-0.00776014,0,0.0108986,-0.999922,-0.00416542,0,-0.00780522,0.00408051,-0.999961,0,0.278859,-0.318436,0.365043,1
0.9999,0.010974,-0.00776551,0,0.0109419,-0.999922,-0.00416019,0,-0.00781071,0.00407489,-0.999961,0,0.279398,-0.318132,0.365036,1
0.9999,0.0109493,-0.00778756,0,0.010917,-0.999922,-0.00417986,0,-0.00783287,0.0040945,-0.999961,0,0.279923,-0.317834,0.365016,1
0.9999,0.0109484,-0.00779627,0,0.010916,-0.999922,-0.00418922,0,-0.00784168,0.00410377,-0.999961,0,0.280459,-0.31753,0.365008,1
0.9999,0.0109743,-0.00781584,0,0.0109416,-0.999922,-0.00421018,0,-0.00786158,0.00412432,-0.999961,0,0.280997,-0.317224,0.364992,1
0.999899,0.0109831,-0.00784786,0,0.0109501,-0.999921,-0.00424208,0,-0.00789399,0.0041558,-0.99996,0,0.281537,-0.316915,0.364973,1
0.999898,0.0110355,-0.00787266,0,0.0110022,-0.999921,-0.00425168,0,-0.0079191,0.00416471,-0.99996,0,0.282092,-0.316597,0.364959,1
0.999898,0.0110388,-0.00789653,0,0.0110054,-0.999921,-0.00425944,0,-0.00794307,0.00417218,-0.99996,0,0.282638,-0.316284,0.364945,1
0.999898,0.0110511,-0.00791598,0,0.0110177,-0.999921,-0.00425009,0,-0.00796248,0.00416252,-0.99996,0,0.283193,-0.315967,0.364937,1
0.999898,0.0110616,-0.00793962,0,0.0110282,-0.999921,-0.00424571,0,-0.00798611,0.0041578,-0.999959,0,0.283734,-0.315659,0.364925,1
0.999898,0.011055,-0.00795484,0,0.0110214,-0.999921,-0.00425508,0,-0.0080014,0.00416705,-0.999959,0,0.284282,-0.31535,0.364911,1
0.999898,0.011057,-0.00795846,0,0.0110232,-0.999921,-0.00426643,0,-0.00800515,0.00417834,-0.999959,0,0.284827,-0.315041,0.364897,1
0.999898,0.0109977,-0.00797101,0,0.0109638,-0.999921,-0.00428536,0,-0.00801766,0.00419761,-0.999959,0,0.285363,-0.314742,0.36488,1
0.999898,0.0109694,-0.00796579,0,0.0109355,-0.999921,-0.00429333,0,-0.00801241,0.00420587,-0.999959,0,0.285912,-0.31444,0.36487,1
0.999899,0.0109429,-0.007965,0,0.0109089,-0.999922,-0.00430077,0,-0.0080116,0.00421353,-0.999959,0,0.286458,-0.31414,0.364857,1
0.999899,0.0109351,-0.00798453,0,0.0109009,-0.999922,-0.00431273,0,-0.00803122,0.00422534,-0.999959,0,0.287015,-0.31383,0.36484,1
0.999898,0.0109524,-0.0080017,0,0.0109181,-0.999921,-0.00430982,0,-0.00804843,0.0042221,-0.999959,0,0.28758,-0.313513,0.364833,1
0.999897,0.0110144,-0.00802813,0,0.01098,-0.999921,-0.00431567,0,-0.00807519,0.00422716,-0.999958,0,0.288149,-0.313187,0.364821,1
0.999898,0.0110042,-0.00803947,0,0.0109699,-0.999921,-0.00429824,0,-0.00808629,0.00420969,-0.999958,0,0.288713,-0.312873,0.364817,1
0.999897,0.0110525,-0.00805346,0,0.0110182,-0.99992,-0.00429406,0,-0.00810043,0.00420496,-0.999958,0,0.289286,-0.312549,0.364806,1
0.999897,0.0110325,-0.00805419,0,0.0109983,-0.999921,-0.00427723,0,-0.0081009,0.00418829,-0.999958,0,0.289854,-0.312238,0.364799,1
0.999897,0.0110117,-0.00804894,0,0.0109775,-0.999921,-0.00428255,0,-0.00809562,0.00419383,-0.999958,0,0.290422,-0.311923,0.364788,1
0.999898,0.0109806,-0.00803564,0,0.0109466,-0.999921,-0.00426676,0,-0.00808202,0.00417844,-0.999959,0,0.290993,-0.311615,0.364782,1
0.999898,0.010983,-0.00803878,0,0.0109488,-0.999921,-0.00429433,0,-0.00808547,0.00420596,-0.999958,0,0.29157,-0.311293,0.364762,1
0.999897,0.0110283,-0.00802626,0,0.0109942,-0.999921,-0.00427918,0,-0.00807297,0.00419058,-0.999959,0,0.29216,-0.310967,0.364763,1
0.999897,0.0110619,-0.00803698,0,0.0110277,-0.99992,-0.00428587,0,-0.0080839,0.00419688,-0.999959,0,0.292742,-0.310641,0.364751,1
0.999896,0.0110957,-0.00804174,0,0.0110617,-0.99992,-0.00425909,0,-0.00808851,0.00416977,-0.999959,0,0.293335,-0.310312,0.364749,1
0.999896,0.0111447,-0.00804792,0,0.0111108,-0.99992,-0.00424826,0,-0.00809477,0.00415848,-0.999959,0,0.293917,-0.309988,0.364743,1
0.999895,0.0111734,-0.00806293,0,0.0111395,-0.999919,-0.00423883,0,-0.0081098,0.00414865,-0.999959,0,0.294501,-0.309663,0.364733,1
0.999895,0.0111992,-0.00804816,0,0.0111654,-0.999919,-0.00422976,0,-0.00809504,0.00413953,-0.999959,0,0.295088,-0.309336,0.364732,1
0.999895,0.0111914,-0.008042,0,0.0111576,-0.999919,-0.00423651,0,-0.00808892,0.00414642,-0.999959,0,0.295657,-0.309021,0.364723,1
0.999896,0.0111547,-0.00799982,0,0.0111212,-0.99992,-0.0042187,0,-0.00804639,0.00412937,-0.999959,0,0.296234,-0.308717,0.364727,1
0.999896,0.0111488,-0.00798498,0,0.0111154,-0.99992,-0.00421864,0,-0.00803152,0.00412952,-0.999959,0,0.296817,-0.308404,0.364717,1
0.999897,0.0111098,-0.00796916,0,0.0110765,-0.99992,-0.00420646,0,-0.00801541,0.00411784,-0.999959,0,0.297395,-0.308096,0.364712,1
0.999897,0.0111061,-0.00797077,0,0.011073,-0.99992,-0.00419559,0,-0.00801688,0.00410698,-0.999959,0,0.297984,-0.307774,0.364706,1
0.999897,0.0111059,-0.00799723,0,0.0110725,-0.99992,-0.00421066,0,-0.00804351,0.00412175,-0.999959,0,0.298567,-0.307452,0.364688,1
0.999896,0.011139,-0.00800458,0,0.0111057,-0.99992,-0.00419253,0,-0.00805079,0.00410328,-0.999959,0,0.299166,-0.307119,0.364685,1
0.999896,0.0111608,-0.00801002,0,0.0111276,-0.99992,-0.00418777,0,-0.00805627,0.00409828,-0.999959,0,0.299765,-0.306786,0.36468,1
0.999896,0.0111345,-0.0080125,0,0.0111012,-0.99992,-0.00418518,0,-0.00805861,0.00409588,-0.999959,0,0.300349,-0.306464,0.364673,1
0.999897,0.0110953,-0.00798771,0,0.0110624,-0.999921,-0.00416099,0,-0.0080334,0.00407228,-0.999959,0,0.300937,-0.306145,0.364675,1
0.999897,0.0110606,-0.00796468,0,0.0110278,-0.999921,-0.00415159,0,-0.00801013,0.00406341,-0.99996,0,0.301525,-0.305825,0.364668,1
0.999898,0.0110375,-0.00794628,0,0.0110047,-0.999921,-0.00415722,0,-0.0079917,0.00406942,-0.99996,0,0.302125,-0.305497,0.364661,1
0.999898,0.0110546,-0.00792968,0,0.0110219,-0.999921,-0.00416026,0,-0.0079752,0.00407252,-0.99996,0,0.302728,-0.305165,0.364657,1
0.999898,0.0110373,-0.00792897,0,0.0110045,-0.999921,-0.00416514,0,-0.00797447,0.00407754,-0.99996,0,0.30333,-0.304834,0.364647,1
0.999899,0.0109942,-0.00791142,0,0.010962,-0.999922,-0.00410672,0,-0.0079561,0.00401966,-0.99996,0,0.305136,-0.303849,0.364645,1
0.999899,0.0109595,-0.00786651,0,0.0109277,-0.999922,-0.00407736,0,-0.00791073,0.00399106,-0.999961,0,0.305738,-0.303523,0.36466,1
0.9999,0.010893,-0.00783395,0,0.0108614,-0.999923,-0.00406493,0,-0.00787778,0.00397951,-0.999961,0,0.306328,-0.303208,0.364664,1
0.999902,0.0108173,-0.00778353,0,0.0107861,-0.999924,-0.00404105,0,-0.0078268,0.00395677,-0.999962,0,0.306923,-0.302896,0.364672,1
0.999903,0.0107517,-0.00774986,0,0.0107208,-0.999925,-0.00401891,0,-0.00779264,0.00393551,-0.999962,0,0.307518,-0.302583,0.364678,1
0.999903,0.0107208,-0.00774255,0,0.0106899,-0.999925,-0.00401786,0,-0.00778519,0.00393478,-0.999962,0,0.308115,-0.302258,0.364671,1
0.999903,0.0107115,-0.00774429,0,0.0106808,-0.999925,-0.00400239,0,-0.00778673,0.00391936,-0.999962,0,0.308728,-0.301923,0.364669,1
0.999902,0.010778,-0.00775919,0,0.0107472,-0.999925,-0.00400351,0,-0.0078019,0.0039198,-0.999962,0,0.309346,-0.301581,0.364663,1
0.999902,0.0107696,-0.00779105,0,0.0107386,-0.999925,-0.00401753,0,-0.00783388,0.00393354,-0.999962,0,0.309951,-0.301242,0.364642,1
0.999901,0.0108069,-0.00780847,0,0.0107757,-0.999924,-0.00401905,0,-0.00785146,0.00393458,-0.999961,0,0.310559,-0.300899,0.364629,1
0.999902,0.0107927,-0.00780626,0,0.0107617,-0.999924,-0.0040075,0,-0.00784907,0.00392318,-0.999961,0,0.311163,-0.300563,0.364621,1
0.999902,0.0107763,-0.0077913,0,0.0107454,-0.999925,-0.00399049,0,-0.00783386,0.00390645,-0.999962,0,0.311768,-0.300228,0.364616,1
0.999902,0.0107513,-0.00780333,0,0.0107202,-0.999925,-0.00401391,0,-0.00784605,0.00392994,-0.999961,0,0.312366,-0.299893,0.364595,1
0.999902,0.0107515,-0.00781636,0,0.01072,-0.999925,-0.00405025,0,-0.00785947,0.00396614,-0.999961,0,0.312978,-0.299542,0.364574,1
0.999901,0.0107899,-0.00783189,0,0.0107582,-0.999924,-0.00407291,0,-0.00787539,0.00398833,-0.999961,0,0.313599,-0.299185,0.364561,1
0.999901,0.0107895,-0.00787023,0,0.0107574,-0.999924,-0.00410972,0,-0.00791413,0.00402472,-0.999961,0,0.314211,-0.298829,0.364538,1
0.999901,0.0107847,-0.00788558,0,0.0107525,-0.999924,-0.00410675,0,-0.00792942,0.00402164,-0.99996,0,0.31483,-0.298479,0.364531,1
0.999901,0.0107697,-0.00790196,0,0.0107374,-0.999924,-0.00411575,0,-0.00794584,0.00403057,-0.99996,0,0.315434,-0.298143,0.364519,1
0.999901,0.0107686,-0.00792768,0,0.010736,-0.999924,-0.00413972,0,-0.00797182,0.00405428,-0.99996,0,0.316045,-0.297793,0.364499,1
0.999901,0.0107412,-0.00791962,0,0.0107086,-0.999924,-0.00414839,0,-0.00796373,0.00406325,-0.99996,0,0.316651,-0.29745,0.364492,1
0.999902,0.0106915,-0.0079166,0,0.0106588,-0.999925,-0.00416678,0,-0.0079607,0.00408207,-0.99996,0,0.317247,-0.29712,0.364476,1
0.999903,0.0106426,-0.00789205,0,0.0106099,-0.999925,-0.00416841,0,-0.00793597,0.00408435,-0.99996,0,0.317853,-0.296788,0.364473,1
0.999903,0.0106422,-0.00790346,0,0.0106094,-0.999925,-0.00417307,0,-0.00794743,0.00408889,-0.99996,0,0.318468,-0.296449,0.364458,1
0.999903,0.0106114,-0.00792868,0,0.0105784,-0.999926,-0.00419029,0,-0.00797271,0.00410609,-0.99996,0,0.319074,-0.296114,0.364441,1
0.999902,0.0106133,-0.00795357,0,0.0105802,-0.999926,-0.0041952,0,-0.00799766,0.00411072,-0.99996,0,0.3197,-0.29576,0.36443,1
0.999902,0.0106658,-0.00797622,0,0.0106325,-0.999925,-0.00420378,0,-0.00802061,0.00411864,-0.999959,0,0.32033,-0.295401,0.364423,1
0.999902,0.0106374,-0.00801049,0,0.0106039,-0.999925,-0.00420982,0,-0.00805483,0.00412454,-0.999959,0,0.320948,-0.295054,0.364407,1
0.999902,0.0106552,-0.00800541,0,0.0106219,-0.999925,-0.00419396,0,-0.00804965,0.00410859,-0.999959,0,0.32157,-0.294711,0.364405,1
0.999902,0.0105978,-0.0079978,0,0.0105645,-0.999926,-0.00419096,0,-0.00804178,0.00410613,-0.999959,0,0.322183,-0.29438,0.364392,1
0.999903,0.0105717,-0.00796971,0,0.0105386,-0.999926,-0.00418449,0,-0.00801352,0.00410017,-0.999959,0,0.322811,-0.294038,0.364387,1
0.999903,0.0105552,-0.0079687,0,0.0105218,-0.999926,-0.004217,0,-0.00801278,0.00413283,-0.999959,0,0.323432,-0.293698,0.364367,1
0.999903,0.010565,-0.00796864,0,0.0105313,-0.999926,-0.00425454,0,-0.00801315,0.00417029,-0.999959,0,0.324061,-0.293345,0.364347,1
0.999902,0.0106233,-0.0079542,0,0.0105898,-0.999925,-0.00424146,0,-0.00799882,0.00415689,-0.999959,0,0.324699,-0.29299,0.364346,1
0.999902,0.0106286,-0.00793884,0,0.0105953,-0.999925,-0.00422168,0,-0.00798328,0.00413724,-0.99996,0,0.325328,-0.292648,0.364347,1
0.999902,0.0106419,-0.00792129,0,0.0106089,-0.999925,-0.00420216,0,-0.00796557,0.00411779,-0.99996,0,0.325955,-0.292304,0.364353,1
0.999903,0.0106314,-0.00789384,0,0.0105986,-0.999925,-0.0041862,0,-0.00793791,0.00410221,-0.99996,0,0.326575,-0.291969,0.36436,1
0.999903,0.010624,-0.00787957,0,0.0105912,-0.999925,-0.0041981,0,-0.00792374,0.00411432,-0.99996,0,0.327195,-0.291629,0.364355,1
0.999904,0.0105789,-0.00783713,0,0.0105463,-0.999926,-0.00418865,0,-0.00788101,0.00410567,-0.999961,0,0.327817,-0.291292,0.36436,1
0.999904,0.010538,-0.00780475,0,0.0105056,-0.999926,-0.00417643,0,-0.00784834,0.00409412,-0.999961,0,0.328429,-0.29097,0.364359,1
0.999905,0.0105,-0.00775731,0,0.0104682,-0.999927,-0.00413245,0,-0.00780028,0.00405093,-0.999961,0,0.329052,-0.290642,0.364371,1
0.999905,0.010523,-0.00773846,0,0.0104915,-0.999927,-0.00409996,0,-0.00778118,0.00401846,-0.999962,0,0.329685,-0.290303,0.364372,1
0.999905,0.0105191,-0.00774797,0,0.0104876,-0.999927,-0.00409177,0,-0.0077906,0.0040102,-0.999962,0,0.330314,-0.289957,0.364361,1
0.999905,0.010539,-0.00773065,0,0.0105078,-0.999927,-0.00406577,0,-0.00777308,0.00398423,-0.999962,0,0.330956,-0.289604,0.364367,1
0.999905,0.0105515,-0.00772991,0,0.0105204,-0.999927,-0.00405581,0,-0.00777229,0.00397418,-0.999962,0,0.331589,-0.289257,0.364363,1
0.999905,0.0105428,-0.00771946,0,0.0105119,-0.999927,-0.00403904,0,-0.00776163,0.00395758,-0.999962,0,0.332226,-0.288915,0.364358,1
0.999905,0.0105414,-0.00768573,0,0.0105107,-0.999927,-0.00402422,0,-0.00772774,0.00394313,-0.999962,0,0.332863,-0.288573,0.364357,1
0.999906,0.0104746,-0.00765864,0,0.010444,-0.999928,-0.00402831,0,-0.00770043,0.00394802,-0.999963,0,0.33349,-0.288236,0.364349,1
0.999907,0.0104648,-0.00761047,0,0.0104344,-0.999928,-0.00402675,0,-0.00765221,0.00394704,-0.999963,0,0.33413,-0.287882,0.364352,1
0.999907,0.0104807,-0.00758316,0,0.0104503,-0.999928,-0.00403589,0,-0.00762506,0.00395634,-0.999963,0,0.334771,-0.287524,0.364347,1
0.999906,0.0104986,-0.00758957,0,0.0104681,-0.999927,-0.00405218,0,-0.0076317,0.00397243,-0.999963,0,0.335414,-0.287154,0.36433,1
0.999906,0.0105278,-0.0075872,0,0.0104973,-0.999927,-0.00404885,0,-0.00762942,0.0039689,-0.999963,0,0.336052,-0.286793,0.364325,1
0.999906,0.0104959,-0.00761203,0,0.0104652,-0.999927,-0.00405967,0,-0.00765424,0.00397971,-0.999963,0,0.336673,-0.286439,0.36431,1
0.999906,0.0105042,-0.00762669,0,0.0104733,-0.999927,-0.0040792,0,-0.00766913,0.00399902,-0.999963,0,0.337302,-0.286077,0.364295,1
0.999907,0.010458,-0.0076324,0,0.0104269,-0.999928,-0.00410277,0,-0.0076749,0.00402288,-0.999962,0,0.337917,-0.285733,0.364279,1
0.999907,0.0103909,-0.00763559,0,0.0103596,-0.999928,-0.00413104,0,-0.00767811,0.00405163,-0.999962,0,0.338532,-0.285389,0.364259,1
0.999908,0.0103328,-0.00762962,0,0.0103014,-0.999929,-0.00415042,0,-0.00767211,0.00407152,-0.999962,0,0.339152,-0.285047,0.364243,1
0.999908,0.0103044,-0.00763134,0,0.0102729,-0.999929,-0.00415904,0,-0.0076738,0.00408034,-0.999962,0,0.339768,-0.284713,0.364227,1
0.999908,0.0102894,-0.00766461,0,0.0102575,-0.999929,-0.00418112,0,-0.00770723,0.0041022,-0.999962,0,0.34039,-0.284364,0.3642,1
0.999907,0.0103571,-0.00769644,0,0.0103249,-0.999928,-0.00421371,0,-0.00773968,0.00413393,-0.999962,0,0.341022,-0.283993,0.364179,1
0.999907,0.0103628,-0.00774295,0,0.01033,-0.999928,-0.00425521,0,-0.00778663,0.00417491,-0.999961,0,0.341645,-0.28363,0.364153,1
0.999906,0.0103848,-0.0077821,0,0.0103516,-0.999928,-0.0042903,0,-0.00782624,0.00420943,-0.999961,0,0.342274,-0.283264,0.364132,1
0.999906,0.0103862,-0.0078055,0,0.0103528,-0.999927,-0.00431155,0,-0.00784987,0.00423042,-0.99996,0,0.342892,-0.282918,0.364113,1
0.999906,0.010385,-0.0078196,0,0.0103513,-0.999927,-0.00433208,0,-0.00786417,0.00425081,-0.99996,0,0.343516,-0.282569,0.364093,1
0.999906,0.0103853,-0.00781843,0,0.0103515,-0.999927,-0.00435736,0,-0.00786327,0.0042761,-0.99996,0,0.344146,-0.282217,0.364078,1
0.999906,0.010366,-0.00783516,0,0.0103317,-0.999927,-0.00440038,0,-0.00788036,0.0043191,-0.99996,0,0.34477,-0.281862,0.364054,1
0.999906,0.0103697,-0.0078317,0,0.0103353,-0.999927,-0.00441894,0,-0.0078771,0.00433766,-0.99996,0,0.345404,-0.281498,0.364045,1
0.999906,0.0103731,-0.00782406,0,0.0103388,-0.999927,-0.00441642,0,-0.00786946,0.0043352,-0.99996,0,0.346034,-0.281145,0.364041,1
0.999906,0.0103916,-0.00784124,0,0.0103573,-0.999927,-0.00440883,0,-0.00788663,0.00432728,-0.99996,0,0.346667,-0.280785,0.36403,1
0.999906,0.0103883,-0.00783886,0,0.010354,-0.999927,-0.00440352,0,-0.00788418,0.00432203,-0.99996,0,0.347295,-0.280431,0.364029,1
0.999906,0.0103802,-0.00783093,0,0.0103458,-0.999927,-0.00441648,0,-0.00787636,0.00433513,-0.99996,0,0.34792,-0.280087,0.364026,1
0.999906,0.0103581,-0.00780051,0,0.0103238,-0.999927,-0.00442493,0,-0.00784593,0.00434407,-0.99996,0,0.34855,-0.279737,0.36403,1
0.999907,0.0103074,-0.00776697,0,0.0102732,-0.999928,-0.00442999,0,-0.00781222,0.00434987,-0.99996,0,0.349167,-0.279407,0.36403,1
0.999908,0.0102785,-0.00773608,0,0.0102444,-0.999928,-0.00443382,0,-0.00778125,0.00435425,-0.99996,0,0.349789,-0.279072,0.364026,1
0.999908,0.0102453,-0.00769238,0,0.0102117,-0.999929,-0.00440407,0,-0.0077371,0.00432519,-0.999961,0,0.350414,-0.27874,0.364034,1
0.999908,0.0102442,-0.00766864,0,0.0102108,-0.999929,-0.00437729,0,-0.00771308,0.00429867,-0.999961,0,0.351041,-0.278409,0.364039,1
0.999909,0.0102301,-0.00767445,0,0.0101967,-0.999929,-0.00437904,0,-0.00771885,0.00430047,-0.999961,0,0.351673,-0.278056,0.364032,1
0.999908,0.0103008,-0.00768579,0,0.0102672,-0.999928,-0.00439769,0,-0.00773069,0.00431846,-0.999961,0,0.352316,-0.277693,0.364024,1
0.999908,0.0102999,-0.00771613,0,0.0102662,-0.999928,-0.00440574,0,-0.00776111,0.0043262,-0.999961,0,0.352949,-0.277342,0.364005,1
0.999908,0.0103146,-0.00769248,0,0.0102811,-0.999928,-0.00437686,0,-0.00773722,0.00429745,-0.999961,0,0.353586,-0.276994,0.364008,1
0.999908,0.0103057,-0.00766894,0,0.0102726,-0.999928,-0.004348,0,-0.00771335,0.0042689,-0.999961,0,0.354214,-0.276656,0.364008,1
0.999908,0.0102874,-0.00763919,0,0.0102545,-0.999928,-0.00433728,0,-0.00768341,0.00425863,-0.999961,0,0.354839,-0.276318,0.364004,1
0.999908,0.0103254,-0.00759864,0,0.0102927,-0.999928,-0.0043199,0,-0.00764285,0.00424137,-0.999962,0,0.355471,-0.275965,0.364013,1
0.999908,0.0103671,-0.00757557,0,0.0103346,-0.999928,-0.00432035,0,-0.00761996,0.00424174,-0.999962,0,0.356101,-0.275608,0.364012,1
0.999908,0.0104084,-0.00756063,0,0.010376,-0.999927,-0.00430514,0,-0.00760503,0.00422638,-0.999962,0,0.356737,-0.275246,0.364015,1
0.999907,0.010467,-0.00756198,0,0.0104347,-0.999927,-0.00429495,0,-0.00760653,0.00421572,-0.999962,0,0.357366,-0.27489,0.364011,1
0.999906,0.0105136,-0.00758251,0,0.0104813,-0.999926,-0.00429751,0,-0.00762728,0.00421771,-0.999962,0,0.357992,-0.274532,0.363998,1
0.999906,0.0105669,-0.0075919,0,0.0105344,-0.999926,-0.00429825,0,-0.0076369,0.00421795,-0.999962,0,0.358616,-0.274173,0.363991,1
0.999905,0.0105833,-0.00761927,0,0.0105505,-0.999925,-0.00432917,0,-0.00766467,0.00424846,-0.999962,0,0.359223,-0.273825,0.363966,1
0.999905,0.0105913,-0.0076216,0,0.0105584,-0.999925,-0.00434073,0,-0.00766715,0.00425993,-0.999962,0,0.359837,-0.273479,0.363955,1
0.999905,0.0105561,-0.00764377,0,0.0105229,-0.999925,-0.00436624,0,-0.00768944,0.00428548,-0.999961,0,0.360433,-0.273153,0.36393,1
0.999906,0.0105371,-0.00765299,0,0.0105038,-0.999926,-0.00437847,0,-0.00769871,0.00429776,-0.999961,0,0.361042,-0.272816,0.36391,1
0.999906,0.0105182,-0.00767469,0,0.0104848,-0.999926,-0.00438567,0,-0.0077204,0.00430487,-0.999961,0,0.361653,-0.272478,0.363889,1
0.999905,0.0105209,-0.00771698,0,0.010487,-0.999926,-0.00442153,0,-0.00776307,0.00434026,-0.99996,0,0.362262,-0.272134,0.363862,1
0.999904,0.0105536,-0.00779172,0,0.0105189,-0.999925,-0.00447219,0,-0.00783848,0.00438989,-0.99996,0,0.362877,-0.27177,0.363824,1
0.999903,0.0106114,-0.00784847,0,0.0105763,-0.999924,-0.00450418,0,-0.00789582,0.00442082,-0.999959,0,0.363498,-0.271404,0.363798,1
0.999903,0.0106066,-0.00788133,0,0.0105712,-0.999924,-0.00451184,0,-0.00792874,0.00442817,-0.999959,0,0.364104,-0.271056,0.36378,1
0.999903,0.0105943,-0.00789756,0,0.010559,-0.999924,-0.00450435,0,-0.00794483,0.00442061,-0.999959,0,0.364713,-0.27071,0.36377,1
0.999903,0.0105955,-0.0078875,0,0.0105603,-0.999925,-0.00448851,0,-0.00793461,0.00440486,-0.999959,0,0.36532,-0.270373,0.363768,1
0.999903,0.0105757,-0.00787174,0,0.0105407,-0.999925,-0.00448246,0,-0.00791871,0.00439914,-0.999959,0,0.365926,-0.27003,0.363767,1
0.999904,0.0105883,-0.00784502,0,0.0105533,-0.999925,-0.00447757,0,-0.00789199,0.00439443,-0.999959,0,0.366537,-0.269684,0.363771,1
0.999904,0.0105694,-0.00784077,0,0.0105345,-0.999925,-0.00447995,0,-0.00788768,0.004397,-0.999959,0,0.367146,-0.26934,0.363765,1
0.999904,0.0105829,-0.00782259,0,0.0105483,-0.999925,-0.0044541,0,-0.00786929,0.00437124,-0.999959,0,0.367767,-0.268996,0.363773,1
0.999904,0.0106087,-0.0078154,0,0.0105742,-0.999925,-0.00444043,0,-0.00786206,0.00435745,-0.99996,0,0.368391,-0.268651,0.363778,1
0.999903,0.0106129,-0.00781947,0,0.0105784,-0.999925,-0.00444121,0,-0.00786616,0.00435815,-0.99996,0,0.369004,-0.268311,0.363771,1
0.999904,0.0105952,-0.00779762,0,0.010561,-0.999925,-0.0044201,0,-0.00784402,0.00433741,-0.99996,0,0.369617,-0.267977,0.363777,1
0.999904,0.0105763,-0.00780038,0,0.0105419,-0.999925,-0.00443439,0,-0.00784684,0.00435181,-0.99996,0,0.370215,-0.267648,0.363763,1
0.999905,0.0105293,-0.00777801,0,0.010495,-0.999925,-0.00443122,0,-0.00782423,0.00434925,-0.99996,0,0.370818,-0.267329,0.363756,1
0.999905,0.0104978,-0.00774866,0,0.0104636,-0.999926,-0.0044355,0,-0.00779479,0.00435409,-0.99996,0,0.37142,-0.267012,0.36375,1
0.999906,0.010439,-0.00773328,0,0.0104049,-0.999926,-0.00443239,0,-0.00777913,0.00435159,-0.99996,0,0.372014,-0.266696,0.363741,1
0.999906,0.0104219,-0.00770112,0,0.0103881,-0.999927,-0.00441571,0,-0.00774673,0.00433538,-0.999961,0,0.372617,-0.266369,0.363746,1
0.999906,0.0104546,-0.00769183,0,0.0104209,-0.999926,-0.00440867,0,-0.00773751,0.00432819,-0.999961,0,0.37322,-0.266035,0.363747,1
0.999906,0.0104945,-0.0076821,0,0.010461,-0.999926,-0.00439327,0,-0.00772779,0.00431258,-0.999961,0,0.37383,-0.265694,0.363751,1
0.999905,0.0105483,-0.00766244,0,0.0105151,-0.999926,-0.00436276,0,-0.00770804,0.00428186,-0.999961,0,0.374435,-0.265351,0.363762,1
0.999905,0.0105803,-0.00765633,0,0.0105473,-0.999925,-0.00433855,0,-0.00770181,0.00425747,-0.999961,0,0.375031,-0.265018,0.363763,1
0.999905,0.0106242,-0.0076379,0,0.0105915,-0.999925,-0.00431185,0,-0.00768329,0.00423063,-0.999962,0,0.375631,-0.264676,0.363765,1
0.999905,0.0106476,-0.00762973,0,0.010615,-0.999925,-0.00430118,0,-0.00767511,0.00421986,-0.999962,0,0.376222,-0.264351,0.363758,1
0.999905,0.0106307,-0.00762644,0,0.010598,-0.999925,-0.00431466,0,-0.00767188,0.00423351,-0.999962,0,0.376808,-0.264028,0.363743,1
0.999905,0.0106384,-0.0076306,0,0.0106055,-0.999925,-0.00433389,0,-0.00767628,0.00425264,-0.999961,0,0.377393,-0.263699,0.363725,1
0.999905,0.0106236,-0.0076514,0,0.0105904,-0.999925,-0.00435971,0,-0.00769729,0.00427834,-0.999961,0,0.377976,-0.263373,0.363701,1
0.999904,0.0106434,-0.00769195,0,0.0106098,-0.999924,-0.00439702,0,-0.00773832,0.00431507,-0.999961,0,0.378565,-0.26303,0.363672,1
0.999903,0.0106739,-0.00773484,0,0.0106399,-0.999924,-0.00442889,0,-0.00778167,0.00434625,-0.99996,0,0.379157,-0.262686,0.363646,1
0.999903,0.0107021,-0.00780907,0,0.0106674,-0.999923,-0.00447517,0,-0.00785651,0.00439151,-0.999959,0,0.379745,-0.262337,0.363605,1
0.999902,0.0107095,-0.00786364,0,0.0106742,-0.999923,-0.00451109,0,-0.0079115,0.0044268,-0.999959,0,0.380331,-0.261996,0.363572,1
0.999901,0.0107292,-0.00792853,0,0.0106933,-0.999923,-0.00455503,0,-0.00797695,0.00446988,-0.999958,0,0.380905,-0.261661,0.363534,1
0.999901,0.0107556,-0.00795716,0,0.0107194,-0.999922,-0.00457598,0,-0.00800592,0.00449031,-0.999958,0,0.381481,-0.26132,0.363515,1
0.999901,0.0107573,-0.00796332,0,0.010721,-0.999922,-0.00458875,0,-0.00801222,0.00450301,-0.999958,0,0.38205,-0.260997,0.363502,1
0.999901,0.0107096,-0.00798208,0,0.010673,-0.999923,-0.00461064,0,-0.00803099,0.00452507,-0.999958,0,0.382612,-0.260683,0.363481,1
0.999901,0.0107039,-0.00796297,0,0.0106675,-0.999923,-0.0046041,0,-0.00801179,0.00451878,-0.999958,0,0.383186,-0.260364,0.363483,1
0.999901,0.0106961,-0.00796807,0,0.0106596,-0.999923,-0.00460813,0,-0.0080169,0.00452283,-0.999958,0,0.383755,-0.260051,0.363475,1
0.999901,0.0107051,-0.0079865,0,0.0106684,-0.999923,-0.00462214,0,-0.00803552,0.00453657,-0.999957,0,0.38433,-0.259724,0.363459,1
0.999901,0.0107377,-0.00798842,0,0.0107011,-0.999922,-0.00461802,0,-0.00803754,0.00453217,-0.999957,0,0.384903,-0.259398,0.363458,1
0.999901,0.010734,-0.00799116,0,0.0106974,-0.999923,-0.00461217,0,-0.0080402,0.00452632,-0.999957,0,0.385475,-0.259075,0.363457,1
0.999901,0.0107428,-0.00796203,0,0.0107066,-0.999923,-0.00458352,0,-0.00801081,0.00449791,-0.999958,0,0.386052,-0.258759,0.363469,1
0.999901,0.0107307,-0.00794666,0,0.0106946,-0.999923,-0.00457327,0,-0.00799527,0.00448792,-0.999958,0,0.386623,-0.25845,0.363468,1
0.999901,0.0107228,-0.00793006,0,0.0106869,-0.999923,-0.00456594,0,-0.00797856,0.00448083,-0.999958,0,0.387201,-0.258136,0.363462,1
0.999901,0.0107219,-0.00792966,0,0.0106857,-0.999923,-0.00458471,0,-0.00797836,0.00449961,-0.999958,0,0.387773,-0.257823,0.363447,1
0.999902,0.0106889,-0.00793206,0,0.0106526,-0.999923,-0.00460348,0,-0.00798081,0.00451862,-0.999958,0,0.388335,-0.257518,0.363431,1
0.999902,0.0106817,-0.00791268,0,0.0106455,-0.999923,-0.00460799,0,-0.00796145,0.00452339,-0.999958,0,0.388907,-0.257208,0.363426,1
0.999902,0.0107111,-0.00789132,0,0.010675,-0.999923,-0.00460225,0,-0.00794016,0.00451765,-0.999958,0,0.38948,-0.256897,0.363425,1
0.999902,0.0107446,-0.00788167,0,0.0107086,-0.999922,-0.00459317,0,-0.00793056,0.0045084,-0.999958,0,0.390051,-0.256572,0.363421,1
0.999901,0.0108173,-0.00784314,0,0.0107819,-0.999922,-0.0045523,0,-0.00789192,0.00446737,-0.999959,0,0.390627,-0.256245,0.363437,1
0.999901,0.010882,-0.00782296,0,0.0108468,-0.999921,-0.00452864,0,-0.00787178,0.00444342,-0.999959,0,0.391192,-0.255922,0.363443,1
0.9999,0.0109327,-0.00776188,0,0.0108981,-0.999921,-0.00448169,0,-0.00781041,0.00439674,-0.99996,0,0.391759,-0.255608,0.363469,1
0.9999,0.0109957,-0.00773038,0,0.0109614,-0.99992,-0.0044597,0,-0.00777895,0.00437461,-0.99996,0,0.392321,-0.255294,0.363478,1
0.9999,0.0109827,-0.00771375,0,0.0109485,-0.99992,-0.0044617,0,-0.00776229,0.00437689,-0.99996,0,0.392862,-0.254998,0.363473,1
0.999901,0.0109712,-0.00769703,0,0.0109371,-0.999921,-0.00446066,0,-0.00774551,0.00437612,-0.99996,0,0.393406,-0.254699,0.363468,1
0.999901,0.0109674,-0.00768535,0,0.0109333,-0.999921,-0.00446358,0,-0.00773385,0.0043792,-0.999961,0,0.393948,-0.254407,0.36346,1
0.999901,0.0109298,-0.00771354,0,0.0108954,-0.999921,-0.00449269,0,-0.00776218,0.00440829,-0.99996,0,0.394477,-0.254118,0.363431,1
0.999901,0.0109218,-0.0077308,0,0.010887,-0.999921,-0.00451827,0,-0.00777969,0.00443374,-0.99996,0,0.395012,-0.253822,0.363412,1
0.999901,0.0108901,-0.00779031,0,0.0108548,-0.999921,-0.00456038,0,-0.00783951,0.00447545,-0.999959,0,0.395538,-0.253526,0.363374,1
0.999901,0.0108796,-0.00782744,0,0.0108439,-0.999921,-0.00458831,0,-0.0078769,0.00450306,-0.999959,0,0.396074,-0.253219,0.36335,1
0.9999,0.0108817,-0.00787829,0,0.0108455,-0.999921,-0.00461923,0,-0.00792809,0.00453342,-0.999958,0,0.396606,-0.252919,0.363318,1
0.9999,0.0108967,-0.0079266,0,0.0108601,-0.999921,-0.00465207,0,-0.00797682,0.00456561,-0.999958,0,0.397139,-0.252603,0.363287,1
0.999899,0.0109264,-0.00794829,0,0.0108896,-0.99992,-0.00465935,0,-0.00799872,0.00457241,-0.999958,0,0.397673,-0.252289,0.363273,1
0.999899,0.0109025,-0.00797805,0,0.0108654,-0.99992,-0.00467843,0,-0.00802857,0.00459136,-0.999957,0,0.398196,-0.251986,0.36325,1
0.999899,0.0109005,-0.00796615,0,0.0108636,-0.99992,-0.00466457,0,-0.00801652,0.00457764,-0.999957,0,0.398728,-0.251679,0.36325,1
0.9999,0.0108768,-0.00794657,0,0.0108401,-0.999921,-0.00465363,0,-0.00799671,0.00456711,-0.999958,0,0.399254,-0.251388,0.363255,1
0.9999,0.0108785,-0.00793536,0,0.0108418,-0.999921,-0.0046479,0,-0.00798545,0.00456149,-0.999958,0,0.399785,-0.25109,0.363253,1
0.9999,0.0108736,-0.0079078,0,0.0108371,-0.999921,-0.00464309,0,-0.00795782,0.00455701,-0.999958,0,0.40032,-0.250788,0.363257,1
0.9999,0.0109042,-0.00789283,0,0.0108679,-0.999921,-0.00463484,0,-0.00794289,0.00454869,-0.999958,0,0.400855,-0.250482,0.363255,1
0.9999,0.0109264,-0.00788191,0,0.0108902,-0.99992,-0.00462067,0,-0.00793193,0.00453446,-0.999958,0,0.401386,-0.250179,0.363253,1
0.999899,0.0109904,-0.0078556,0,0.0109546,-0.99992,-0.00458545,0,-0.00790552,0.00449902,-0.999959,0,0.401922,-0.249876,0.363262,1
0.999899,0.0109974,-0.00784875,0,0.0109618,-0.99992,-0.00456682,0,-0.0078985,0.00448041,-0.999959,0,0.402449,-0.249584,0.363259,1
0.999899,0.0110112,-0.00782275,0,0.0109758,-0.99992,-0.00454563,0,-0.00787233,0.0044594,-0.999959,0,0.40298,-0.24929,0.363266,1
0.999899,0.0110092,-0.00781361,0,0.0109739,-0.99992,-0.00454444,0,-0.00786316,0.00445833,-0.999959,0,0.403504,-0.249008,0.363262,1
0.999899,0.0110069,-0.00781689,0,0.0109715,-0.99992,-0.00456741,0,-0.00786669,0.00448127,-0.999959,0,0.404019,-0.248719,0.363246,1
0.999899,0.0110088,-0.00778266,0,0.0109736,-0.99992,-0.0045543,0,-0.00783232,0.00446852,-0.999959,0,0.404535,-0.24844,0.363249,1
0.9999,0.0109597,-0.00776489,0,0.0109246,-0.99992,-0.00454957,0,-0.00781429,0.00446438,-0.99996,0,0.405039,-0.248175,0.363243,1
0.999901,0.0109387,-0.00773317,0,0.0109038,-0.999921,-0.00453949,0,-0.00778236,0.00445481,-0.99996,0,0.405547,-0.247899,0.363248,1
0.999901,0.0109233,-0.00768053,0,0.0108888,-0.999921,-0.00451852,0,-0.00772943,0.00443452,-0.99996,0,0.406053,-0.247631,0.363267,1
0.999902,0.0109148,-0.00765081,0,0.0108806,-0.999921,-0.00449783,0,-0.00769945,0.00441423,-0.999961,0,0.406554,-0.247357,0.363279,1
0.999902,0.0109191,-0.00760154,0,0.0108853,-0.999921,-0.0044695,0,-0.00764989,0.0043864,-0.999961,0,0.407059,-0.247077,0.3633,1
0.999902,0.0109455,-0.00757006,0,0.0109121,-0.999921,-0.00443689,0,-0.00761817,0.00435394,-0.999962,0,0.407559,-0.246804,0.36331,1
0.999902,0.0109655,-0.00754073,0,0.0109325,-0.999921,-0.00440591,0,-0.0075886,0.00432312,-0.999962,0,0.40806,-0.246528,0.363321,1
0.999901,0.0110203,-0.00751968,0,0.0109875,-0.99992,-0.00438889,0,-0.0075676,0.00430592,-0.999962,0,0.408558,-0.246246,0.363325,1
0.999901,0.0110386,-0.00753183,0,0.0110057,-0.99992,-0.00438856,0,-0.00757982,0.00430531,-0.999962,0,0.409045,-0.245972,0.363311,1
0.999901,0.0110714,-0.00752576,0,0.0110386,-0.99992,-0.00438686,0,-0.00757387,0.00430344,-0.999962,0,0.409534,-0.245698,0.363302,1
0.9999,0.0110898,-0.00754332,0,0.0110568,-0.99992,-0.0044047,0,-0.0075917,0.00432094,-0.999962,0,0.410013,-0.24543,0.363281,1
0.9999,0.0111053,-0.00758257,0,0.0110719,-0.999919,-0.00442997,0,-0.0076313,0.00434566,-0.999961,0,0.410491,-0.24516,0.36325,1
0.9999,0.0111284,-0.00760678,0,0.0110947,-0.999919,-0.00445804,0,-0.00765592,0.00437328,-0.999961,0,0.410964,-0.244895,0.363229,1
0.999899,0.0111203,-0.00765407,0,0.0110861,-0.999919,-0.00449598,0,-0.00770359,0.00441076,-0.999961,0,0.41143,-0.24463,0.363195,1
0.999899,0.0111343,-0.00768141,0,0.0110997,-0.999919,-0.00452635,0,-0.00773133,0.00444071,-0.99996,0,0.411906,-0.244356,0.363171,1
0.999898,0.0111538,-0.00772369,0,0.0111188,-0.999918,-0.00456461,0,-0.00777412,0.00447836,-0.99996,0,0.412373,-0.244084,0.363144,1
0.999898,0.0111987,-0.00775617,0,0.0111634,-0.999918,-0.00457439,0,-0.00780691,0.00448742,-0.999959,0,0.412845,-0.243803,0.363122,1
0.999897,0.0112317,-0.00776354,0,0.0111965,-0.999917,-0.00456597,0,-0.00781433,0.00447866,-0.999959,0,0.413315,-0.243526,0.363112,1
0.999897,0.0112548,-0.00778751,0,0.0112195,-0.999917,-0.00456085,0,-0.00783834,0.00447309,-0.999959,0,0.413777,-0.243253,0.363096,1
0.999896,0.0112852,-0.00778273,0,0.01125,-0.999917,-0.00455115,0,-0.0078336,0.00446321,-0.999959,0,0.414245,-0.242976,0.363091,1
0.999896,0.0113091,-0.00776495,0,0.0112741,-0.999917,-0.00453504,0,-0.00781574,0.00444711,-0.99996,0,0.414713,-0.242712,0.363091,1
0.999897,0.0112891,-0.00775699,0,0.0112541,-0.999917,-0.00453121,0,-0.00780765,0.00444352,-0.99996,0,0.415175,-0.242454,0.363082,1
0.999897,0.0112574,-0.00771447,0,0.0112228,-0.999917,-0.00451123,0,-0.00776476,0.00442427,-0.99996,0,0.415638,-0.242204,0.363087,1
0.999898,0.0112359,-0.00769164,0,0.0112015,-0.999918,-0.00449965,0,-0.00774171,0.00441312,-0.99996,0,0.416091,-0.24196,0.363083,1
0.999899,0.0111895,-0.00764537,0,0.0111554,-0.999918,-0.0044763,0,-0.00769498,0.00439064,-0.999961,0,0.416544,-0.241726,0.363096,1
0.999899,0.0111747,-0.00761265,0,0.0111409,-0.999918,-0.00446588,0,-0.00766208,0.0043807,-0.999961,0,0.416995,-0.241491,0.363101,1
0.9999,0.0111233,-0.00759012,0,0.0110897,-0.999919,-0.00445917,0,-0.00763926,0.00437464,-0.999961,0,0.417436,-0.241262,0.363102,1
0.9999,0.0110923,-0.00755421,0,0.011059,-0.999919,-0.00443811,0,-0.00760298,0.00435421,-0.999962,0,0.417882,-0.24103,0.36311,1
0.9999,0.0110819,-0.00754977,0,0.0110487,-0.99992,-0.00443051,0,-0.00759841,0.00434674,-0.999962,0,0.418327,-0.2408,0.363105,1
0.9999,0.0110825,-0.00755064,0,0.0110492,-0.999919,-0.00443638,0,-0.00759935,0.00435259,-0.999962,0,0.418771,-0.240561,0.363092,1
0.9999,0.0111018,-0.00753477,0,0.0110687,-0.999919,-0.00442156,0,-0.00758339,0.00433781,-0.999962,0,0.419216,-0.240317,0.363091,1
0.9999,0.0111207,-0.00752854,0,0.0110876,-0.999919,-0.0044137,0,-0.00757716,0.00432987,-0.999962,0,0.419655,-0.240072,0.363086,1
0.9999,0.0111508,-0.00750253,0,0.0111181,-0.999919,-0.00439139,0,-0.00755104,0.00430762,-0.999962,0,0.420099,-0.239821,0.363092,1
0.9999,0.0111778,-0.00745978,0,0.0111455,-0.999919,-0.0043555,0,-0.007508,0.00427201,-0.999963,0,0.420537,-0.239583,0.363107,1
0.9999,0.011194,-0.00742287,0,0.0111621,-0.999919,-0.00432315,0,-0.0074708,0.00423994,-0.999963,0,0.420971,-0.239344,0.363117,1
0.9999,0.0112271,-0.00736813,0,0.0111957,-0.999918,-0.0042916,0,-0.00741585,0.00420877,-0.999964,0,0.421409,-0.239101,0.363138,1
0.9999,0.0112277,-0.0073335,0,0.0111965,-0.999919,-0.00427414,0,-0.00738103,0.00419168,-0.999964,0,0.421835,-0.238864,0.363147,1
0.999901,0.0112188,-0.00728304,0,0.0111881,-0.999919,-0.00425051,0,-0.00733027,0.00416869,-0.999964,0,0.422264,-0.23863,0.363163,1
0.999901,0.0111969,-0.00724644,0,0.0111664,-0.999919,-0.00423416,0,-0.0072934,0.00415291,-0.999965,0,0.422685,-0.238412,0.363168,1
0.999902,0.0111903,-0.00722703,0,0.0111599,-0.999919,-0.00422534,0,-0.00727387,0.00414435,-0.999965,0,0.4231,-0.238184,0.363167,1
0.999902,0.0111814,-0.00720937,0,0.0111512,-0.999919,-0.00421411,0,-0.00725605,0.00413339,-0.999965,0,0.423514,-0.237954,0.363164,1
0.999902,0.0111969,-0.00721038,0,0.0111667,-0.999919,-0.00421694,0,-0.00725715,0.00413609,-0.999965,0,0.423925,-0.237719,0.363152,1
0.999901,0.0112203,-0.00721408,0,0.01119,-0.999919,-0.00422147,0,-0.007261,0.00414041,-0.999965,0,0.424335,-0.237479,0.363138,1
0.999901,0.0112546,-0.00720382,0,0.0112244,-0.999918,-0.00421779,0,-0.00725084,0.0041366,-0.999965,0,0.424746,-0.237243,0.363132,1
0.999901,0.011287,-0.00722606,0,0.0112567,-0.999918,-0.00422408,0,-0.00727329,0.0041424,-0.999965,0,0.425153,-0.237002,0.363113,1
0.9999,0.0113348,-0.00724711,0,0.0113043,-0.999917,-0.00423917,0,-0.00729471,0.0041569,-0.999965,0,0.425555,-0.236759,0.363094,1
0.999899,0.0113671,-0.00726182,0,0.0113364,-0.999917,-0.00424635,0,-0.00730962,0.00416368,-0.999965,0,0.425954,-0.236526,0.363081,1
0.999899,0.0114158,-0.00730432,0,0.0113848,-0.999916,-0.00427064,0,-0.0073526,0.00418713,-0.999964,0,0.426347,-0.236286,0.363054,1
0.999898,0.0114538,-0.00730934,0,0.0114228,-0.999916,-0.00426922,0,-0.00735777,0.00418538,-0.999964,0,0.426733,-0.236065,0.363044,1
0.999898,0.0114673,-0.00732915,0,0.0114361,-0.999916,-0.00427855,0,-0.00737774,0.00419437,-0.999964,0,0.427113,-0.23585,0.363024,1
0.999897,0.0114897,-0.00733209,0,0.0114585,-0.999916,-0.00428845,0,-0.00738089,0.00420408,-0.999964,0,0.427491,-0.235632,0.363012,1
0.999897,0.0115006,-0.00732792,0,0.0114693,-0.999915,-0.0042923,0,-0.00737681,0.00420789,-0.999964,0,0.427869,-0.235422,0.363,1
0.999897,0.0115076,-0.00732193,0,0.0114763,-0.999915,-0.00430058,0,-0.00737094,0.00421619,-0.999964,0,0.428241,-0.23522,0.362989,1
0.999897,0.0115196,-0.0072945,0,0.0114885,-0.999915,-0.00429557,0,-0.0073435,0.00421141,-0.999964,0,0.428613,-0.235019,0.362991,1
0.999898,0.0115238,-0.00725658,0,0.0114929,-0.999915,-0.00428378,0,-0.00730547,0.00420002,-0.999964,0,0.428985,-0.234824,0.362994,1
0.999898,0.0115209,-0.00720761,0,0.0114904,-0.999915,-0.00426242,0,-0.00725625,0.00417924,-0.999965,0,0.429356,-0.234629,0.363008,1
0.999898,0.0115356,-0.00718214,0,0.0115053,-0.999915,-0.00425144,0,-0.00723071,0.00416845,-0.999965,0,0.429721,-0.234432,0.363009,1
0.999898,0.0115109,-0.00717664,0,0.0114806,-0.999915,-0.00424708,0,-0.00722506,0.00416434,-0.999965,0,0.430079,-0.234247,0.363002,1
0.999898,0.0115306,-0.00714177,0,0.0115006,-0.999915,-0.00422503,0,-0.00719002,0.00414255,-0.999966,0,0.430447,-0.234051,0.363009,1
0.999899,0.0115269,-0.00709975,0,0.0114972,-0.999915,-0.00420106,0,-0.00714771,0.00411908,-0.999966,0,0.43081,-0.233865,0.363019,1
0.999899,0.0115289,-0.00706088,0,0.0114996,-0.999916,-0.00417677,0,-0.00710857,0.00409523,-0.999966,0,0.431173,-0.233669,0.36303,1
0.999899,0.0115356,-0.00701722,0,0.0115066,-0.999916,-0.00415094,0,-0.00706465,0.00406986,-0.999967,0,0.431536,-0.233477,0.363041,1
0.999899,0.0115291,-0.00699759,0,0.0115004,-0.999916,-0.00413433,0,-0.0070448,0.00405352,-0.999967,0,0.431892,-0.233286,0.36304,1
0.9999,0.0115347,-0.00696725,0,0.0115062,-0.999916,-0.00411948,0,-0.00701431,0.00403898,-0.999967,0,0.432248,-0.233092,0.363048,1
0.9999,0.0115244,-0.00694515,0,0.011496,-0.999916,-0.00411611,0,-0.00699214,0.00403593,-0.999967,0,0.432598,-0.232903,0.363047,1
0.9999,0.0115203,-0.00692415,0,0.0114921,-0.999916,-0.00410268,0,-0.00697096,0.00402277,-0.999968,0,0.43295,-0.232711,0.363047,1
0.9999,0.0115069,-0.00689349,0,0.0114788,-0.999916,-0.00409659,0,-0.00694019,0.00401713,-0.999968,0,0.433293,-0.232525,0.363052,1
0.999901,0.0114928,-0.00688599,0,0.0114648,-0.999916,-0.00408876,0,-0.00693254,0.00400949,-0.999968,0,0.433628,-0.232342,0.363048,1
0.999901,0.0114769,-0.00685868,0,0.0114491,-0.999917,-0.00408056,0,-0.00690507,0.0040017,-0.999968,0,0.433962,-0.232154,0.363055,1
0.999902,0.0114457,-0.0068293,0,0.0114181,-0.999917,-0.00406689,0,-0.00687541,0.00398858,-0.999968,0,0.434292,-0.231977,0.363064,1
0.999902,0.0114159,-0.00682313,0,0.0113883,-0.999917,-0.00407214,0,-0.00686918,0.00399412,-0.999968,0,0.434619,-0.231795,0.363059,1
0.999902,0.0114066,-0.00678158,0,0.0113792,-0.999917,-0.00405623,0,-0.00682742,0.00397874,-0.999969,0,0.434951,-0.231617,0.363074,1
0.999903,0.0113991,-0.0067418,0,0.0113721,-0.999918,-0.00403609,0,-0.00678738,0.0039591,-0.999969,0,0.435277,-0.231437,0.363088,1
0.999903,0.0113951,-0.00670882,0,0.0113684,-0.999918,-0.0040152,0,-0.00675415,0.00393862,-0.999969,0,0.4356,-0.231255,0.363097,1
0.999903,0.011405,-0.0066704,0,0.0113786,-0.999918,-0.00398966,0,-0.00671548,0.00391345,-0.99997,0,0.435924,-0.231078,0.363108,1
0.999903,0.0113983,-0.00665591,0,0.0113721,-0.999918,-0.00397067,0,-0.00670075,0.00389467,-0.99997,0,0.436237,-0.230905,0.363109,1
0.999903,0.011405,-0.00662361,0,0.011379,-0.999918,-0.00394895,0,-0.00666823,0.00387327,-0.99997,0,0.436549,-0.230732,0.363121,1
0.999903,0.0114364,-0.00662215,0,0.0114104,-0.999917,-0.00394242,0,-0.00666682,0.00386655,-0.99997,0,0.43686,-0.230552,0.363118,1
0.999903,0.0114434,-0.00663039,0,0.0114174,-0.999917,-0.00394416,0,-0.0066751,0.00386814,-0.99997,0,0.437161,-0.230378,0.363108,1
0.999903,0.011449,-0.00662085,0,0.011423,-0.999917,-0.00393976,0,-0.00666554,0.00386382,-0.99997,0,0.437463,-0.230209,0.363108,1
0.999903,0.0114637,-0.00662952,0,0.0114377,-0.999917,-0.00394664,0,-0.00667434,0.0038705,-0.99997,0,0.43776,-0.230037,0.363099,1
0.999902,0.0114771,-0.00665273,0,0.0114509,-0.999917,-0.0039591,0,-0.00669775,0.00388261,-0.99997,0,0.438048,-0.229864,0.363084,1
0.999902,0.011492,-0.00666418,0,0.0114657,-0.999917,-0.00395992,0,-0.00670927,0.0038832,-0.99997,0,0.438335,-0.229701,0.363076,1
0.999902,0.011495,-0.00669034,0,0.0114686,-0.999917,-0.00396978,0,-0.00673555,0.00389274,-0.99997,0,0.438612,-0.229541,0.36306,1
0.999902,0.0115073,-0.00671793,0,0.0114807,-0.999917,-0.00398848,0,-0.00676339,0.00391103,-0.999969,0,0.438886,-0.22938,0.363046,1
0.999901,0.0115217,-0.00674739,0,0.0114948,-0.999916,-0.00400475,0,-0.0067931,0.00392687,-0.999969,0,0.439159,-0.229218,0.36303,1
0.999901,0.0115209,-0.00676337,0,0.011494,-0.999916,-0.00401422,0,-0.00680918,0.00393616,-0.999969,0,0.439427,-0.229063,0.363021,1
0.999901,0.011514,-0.00679179,0,0.0114868,-0.999916,-0.00403207,0,-0.00683778,0.00395373,-0.999969,0,0.439689,-0.228913,0.363003,1
0.999901,0.0115006,-0.0068201,0,0.0114731,-0.999916,-0.00404771,0,-0.00686621,0.00396914,-0.999969,0,0.439947,-0.228766,0.362988,1
0.999901,0.0114991,-0.00683823,0,0.0114715,-0.999916,-0.00405611,0,-0.00688443,0.00397734,-0.999968,0,0.440205,-0.228616,0.362979,1
0.999901,0.0114965,-0.00686706,0,0.0114687,-0.999916,-0.00407106,0,-0.00691342,0.00399198,-0.999968,0,0.440457,-0.228469,0.362964,1
0.999901,0.0114732,-0.0068832,0,0.0114453,-0.999917,-0.00407965,0,-0.00692957,0.00400054,-0.999968,0,0.440707,-0.228333,0.362956,1
0.999901,0.0114722,-0.0069015,0,0.0114442,-0.999917,-0.00408747,0,-0.00694795,0.00400816,-0.999968,0,0.440958,-0.228195,0.362944,1
0.999901,0.0114531,-0.00692127,0,0.0114249,-0.999917,-0.00409226,0,-0.0069677,0.00401286,-0.999968,0,0.441203,-0.228059,0.362933,1
0.999901,0.0114355,-0.00692276,0,0.0114074,-0.999917,-0.00409337,0,-0.00696913,0.00401407,-0.999968,0,0.441447,-0.227925,0.36293,1
0.999901,0.0114187,-0.00692412,0,0.0113905,-0.999917,-0.00409172,0,-0.0069704,0.00401252,-0.999968,0,0.441689,-0.227796,0.362926,1
0.999901,0.0113918,-0.00693229,0,0.0113636,-0.999917,-0.00409931,0,-0.00697855,0.00402021,-0.999968,0,0.441925,-0.227672,0.362916,1
0.999901,0.0113948,-0.00692955,0,0.0113666,-0.999917,-0.00409889,0,-0.00697582,0.00401979,-0.999968,0,0.442163,-0.227543,0.362913,1
0.999902,0.0113842,-0.00693481,0,0.0113559,-0.999917,-0.00410372,0,-0.00698109,0.00402464,-0.999968,0,0.442398,-0.227413,0.362907,1
0.999902,0.01137,-0.00692777,0,0.0113418,-0.999918,-0.00410068,0,-0.00697396,0.00402178,-0.999968,0,0.442632,-0.227288,0.362905,1
0.999902,0.0113732,-0.00692674,0,0.011345,-0.999918,-0.00409883,0,-0.00697292,0.00401992,-0.999968,0,0.442862,-0.227161,0.362901,1
0.999902,0.0113876,-0.00691944,0,0.0113594,-0.999917,-0.00409655,0,-0.00696565,0.00401762,-0.999968,0,0.443094,-0.227029,0.362898,1
0.999902,0.0113989,-0.00690341,0,0.0113708,-0.999917,-0.00409247,0,-0.00694963,0.00401365,-0.999968,0,0.44332,-0.226903,0.3629,1
0.999901,0.0114152,-0.00690024,0,0.0113871,-0.999917,-0.00409107,0,-0.0069465,0.00401217,-0.999968,0,0.443544,-0.226776,0.362896,1
0.999901,0.0114268,-0.00688143,0,0.0113988,-0.999917,-0.00408597,0,-0.00692768,0.0040072,-0.999968,0,0.443765,-0.226651,0.362901,1
0.999901,0.0114558,-0.0068627,0,0.011428,-0.999917,-0.00407595,0,-0.00690895,0.0039972,-0.999968,0,0.44399,-0.226528,0.362905,1
0.999901,0.011481,-0.00685855,0,0.0114532,-0.999916,-0.00407511,0,-0.0069049,0.00399623,-0.999968,0,0.444207,-0.226406,0.362901,1
0.999901,0.0115058,-0.00684542,0,0.0114781,-0.999916,-0.00407008,0,-0.00689181,0.00399119,-0.999968,0,0.444423,-0.226284,0.362902,1
0.999901,0.0115247,-0.00683799,0,0.011497,-0.999916,-0.00406608,0,-0.00688441,0.00398714,-0.999968,0,0.444629,-0.226169,0.362898,1
0.9999,0.011553,-0.00682506,0,0.0115254,-0.999916,-0.00405876,0,-0.0068715,0.00397977,-0.999968,0,0.444837,-0.226055,0.362899,1
0.9999,0.0115903,-0.00682145,0,0.0115628,-0.999915,-0.00405903,0,-0.00686805,0.00397983,-0.999968,0,0.44504,-0.225938,0.362894,1
0.9999,0.0116085,-0.00681542,0,0.011581,-0.999915,-0.0040564,0,-0.00686206,0.00397714,-0.999969,0,0.445239,-0.225827,0.362892,1
0.9999,0.0116243,-0.00680241,0,0.0115969,-0.999915,-0.00404983,0,-0.00684904,0.00397061,-0.999969,0,0.445434,-0.225718,0.362895,1
0.9999,0.0116385,-0.00678031,0,0.0116113,-0.999915,-0.00404566,0,-0.00682695,0.00396661,-0.999969,0,0.445627,-0.225611,0.362903,1
0.9999,0.011654,-0.0067688,0,0.0116268,-0.999915,-0.00404257,0,-0.00681546,0.00396354,-0.999969,0,0.445811,-0.225508,0.362904,1
0.999899,0.0116723,-0.00675012,0,0.0116453,-0.999914,-0.00403677,0,-0.00679679,0.00395783,-0.999969,0,0.445994,-0.225407,0.362908,1
0.9999,0.0116737,-0.00673913,0,0.0116467,-0.999914,-0.00403118,0,-0.00678575,0.00395236,-0.999969,0,0.446168,-0.225312,0.36291,1
0.9999,0.0116806,-0.00672853,0,0.0116537,-0.999914,-0.00402756,0,-0.00677513,0.00394882,-0.999969,0,0.446342,-0.225215,0.362911,1
0.999899,0.0116974,-0.00672118,0,0.0116705,-0.999914,-0.00402598,0,-0.00676783,0.00394721,-0.999969,0,0.446513,-0.225118,0.362913,1
0.999899,0.0117042,-0.00671458,0,0.0116773,-0.999914,-0.00402481,0,-0.00676124,0.00394607,-0.999969,0,0.44668,-0.225027,0.362913,1
0.999899,0.011717,-0.00670145,0,0.0116902,-0.999914,-0.00402165,0,-0.00674813,0.00394298,-0.999969,0,0.446845,-0.224935,0.362917,1
0.999899,0.0117235,-0.00668732,0,0.0116969,-0.999914,-0.00401427,0,-0.00673394,0.00393572,-0.99997,0,0.447005,-0.224847,0.36292,1
0.999899,0.0117298,-0.00667468,0,0.0117032,-0.999914,-0.00400748,0,-0.00672125,0.00392904,-0.99997,0,0.447162,-0.224762,0.362923,1
0.999899,0.0117537,-0.00665755,0,0.0117273,-0.999914,-0.00399518,0,-0.00670406,0.00391678,-0.99997,0,0.447317,-0.224673,0.36293,1
0.999899,0.0117669,-0.00665302,0,0.0117405,-0.999913,-0.00399405,0,-0.00669957,0.00391561,-0.99997,0,0.447466,-0.22459,0.362929,1
0.999899,0.0117727,-0.00663407,0,0.0117465,-0.999913,-0.00398447,0,-0.00668054,0.00390622,-0.99997,0,0.447613,-0.224509,0.362937,1
0.999899,0.0117935,-0.00661948,0,0.0117674,-0.999913,-0.00397491,0,-0.00666591,0.00389669,-0.99997,0,0.447759,-0.22443,0.362944,1
0.999899,0.011806,-0.00661719,0,0.0117798,-0.999913,-0.00397398,0,-0.00666366,0.00389571,-0.99997,0,0.4479,-0.22435,0.362944,1
0.999899,0.0118178,-0.00659692,0,0.0117918,-0.999913,-0.00396493,0,-0.00664333,0.00388682,-0.99997,0,0.44804,-0.224275,0.362952,1
0.999899,0.0118356,-0.00658435,0,0.0118097,-0.999913,-0.00395728,0,-0.00663074,0.00387919,-0.99997,0,0.448175,-0.224199,0.362955,1
0.999899,0.011852,-0.00657242,0,0.0118261,-0.999913,-0.00395495,0,-0.00661884,0.0038769,-0.999971,0,0.448308,-0.224122,0.362957,1
0.999898,0.0118686,-0.00655926,0,0.0118429,-0.999912,-0.00394451,0,-0.00660563,0.0038665,-0.999971,0,0.448437,-0.224052,0.362962,1
0.999898,0.0118878,-0.0065546,0,0.0118621,-0.999912,-0.00394205,0,-0.00660102,0.00386397,-0.999971,0,0.448561,-0.22398,0.362961,1
0.999898,0.0119109,-0.00653369,0,0.0118854,-0.999912,-0.00393216,0,-0.00658008,0.00385418,-0.999971,0,0.448685,-0.223907,0.362969,1
0.999898,0.0119231,-0.00653648,0,0.0118975,-0.999912,-0.00393364,0,-0.00658293,0.00385555,-0.999971,0,0.448802,-0.22384,0.362967,1
0.999898,0.0119312,-0.0065289,0,0.0119057,-0.999912,-0.003931,0,-0.00657535,0.00385294,-0.999971,0,0.448917,-0.223773,0.36297,1
0.999898,0.0119371,-0.00653359,0,0.0119116,-0.999912,-0.00393501,0,-0.00658011,0.00385686,-0.999971,0,0.449025,-0.223711,0.362968,1
0.999898,0.0119407,-0.00652566,0,0.0119152,-0.999912,-0.0039346,0,-0.00657219,0.00385652,-0.999971,0,0.449129,-0.223651,0.362971,1
0.999898,0.0119494,-0.00652027,0,0.0119239,-0.999912,-0.0039284,0,-0.00656676,0.00385032,-0.999971,0,0.449235,-0.22359,0.362971,1
0.999898,0.0119397,-0.00651703,0,0.0119142,-0.999912,-0.00392866,0,-0.00656349,0.00385069,-0.999971,0,0.44933,-0.223536,0.362972,1
0.999898,0.0119442,-0.00651708,0,0.0119187,-0.999912,-0.00392797,0,-0.00656355,0.00384997,-0.999971,0,0.449423,-0.223481,0.362971,1
0.999898,0.0119389,-0.00651087,0,0.0119135,-0.999912,-0.00392498,0,-0.00655729,0.00384709,-0.999971,0,0.449514,-0.223428,0.362973,1