0.00074275,0.0120813,0.00861723,-4.71492e-05,-0.00612695,0.000993198,3.70863e-05
0.0025664,0.011859,0.010492,0.000253284,-0.00370241,0.000978655,0.0087432
0.00435725,0.0141607,0.0106147,-0.000174418,-0.00204597,-3.4176e-05,0.00685204
0.00319527,0.0120922,0.00951295,-0.00116255,-4.56404e-06,-0.000452972,0.00614078
0.00397204,0.0141705,0.00932762,-9.81069e-05,0.000753727,-0.000268584,0.00378993
0.0031246,0.0143977,0.00917428,-0.00173856,0.000171488,-0.000628726,0.00285816
0.00299731,0.0148769,0.0140034,-0.0022979,-0.000600162,7.43531e-05,0.00167938
0.00362217,0.0127049,0.010821,-0.00268768,-0.000452779,-0.00041106,0.00201816
0.008171,0.013087,0.0175271,-0.00296021,-0.000985616,-2.61137e-05,0.00632999
0.0132124,0.0120061,0.018857,-0.00194497,-0.000483254,-0.000755469,0.00157514
0.0177352,0.0107327,0.0245958,-0.00248169,0.00118149,-0.000497702,0.0054894
0.0248381,0.0129714,0.037054,-0.00219524,0.00721917,-0.000564702,0.013566
0.0257976,0.0140384,0.0446699,-0.00145147,0.00780164,-0.000135766,0.0159876
0.0321528,0.0154346,0.0565596,-0.000401815,0.0125973,-8.80029e-05,0.0207549
0.0366087,0.0165605,0.0680917,0.00150212,0.0145861,-0.000531506,0.0319101
0.0427302,0.0161723,0.0725184,-0.000199936,0.0128913,-0.000827645,0.0339589
0.049726,0.018605,0.073737,0.00172655,0.0039257,-0.000821972,0.0402794
0.0593485,0.019155,0.072993,0.00202504,-0.00600442,-0.00125927,0.0489675
0.0643656,0.0166915,0.0756988,-0.00134383,-0.0134615,-0.00131363,0.0601696
0.0696149,0.0127664,0.0732927,-0.00254507,-0.0170516,-0.000875309,0.06768
0.0720724,0.011186,0.0720669,-0.00330481,-0.0250788,0.000366231,0.0784358
0.0727091,0.0169166,0.0707494,-0.000323613,-0.0215463,0.000481764,0.0917585
0.0778002,0.0214938,0.0688878,0.00172756,-0.0112665,0.000321364,0.101282
0.0822483,0.0264623,0.0597572,0.00595006,-0.000889905,-0.000497693,0.111568
0.0838009,0.029877,0.0560352,0.00587184,0.0153106,-0.00107767,0.121521
0.0900305,0.0303522,0.0539712,0.00822291,0.0209556,-0.00119309,0.137912
0.094905,0.0300432,0.0503401,0.0100089,0.0250673,-0.000557974,0.150245
0.100183,0.0301107,0.0512406,0.0114059,0.0301299,0.000374048,0.158788
0.11109,0.0274545,0.0508917,0.0109473,0.0323406,0.000724116,0.170342
0.119659,0.0281246,0.0544404,0.0139775,0.0283547,0.00024541,0.180431
0.131369,0.0268737,0.0601159,0.0163886,0.0288708,-0.00105708,0.188011
0.140042,0.0280473,0.0676503,0.0145464,0.027984,-0.000942063,0.19619
0.146002,0.0275731,0.0686795,0.0176684,0.0278462,-0.00110275,0.209843
0.150622,0.0292188,0.0710625,0.0147196,0.0230235,-2.30814e-05,0.219141
0.156565,0.0360535,0.0743166,0.0142584,0.0296193,0.000459336,0.223658
0.16691,0.0379023,0.071265,0.0168459,0.0344449,-0.000168489,0.232743
0.172466,0.0412414,0.0709689,0.0182251,0.0340222,-0.000349682,0.244486
0.175549,0.0423476,0.0704031,0.0204662,0.0356107,-0.000707837,0.253207
0.178942,0.0447292,0.0678076,0.022777,0.036861,-0.000980515,0.266607
0.184659,0.0437493,0.0674885,0.0243967,0.0433351,-0.00136575,0.2746
0.190974,0.0415885,0.0671313,0.0262814,0.049285,-0.000673142,0.285628
0.197107,0.0418681,0.064365,0.0288201,0.0468841,0.000534584,0.294437
0.201829,0.0392389,0.0654088,0.0238235,0.04498,0.00130583,0.310516
0.203005,0.0395992,0.0624939,0.0259855,0.047172,0.00110791,0.318122
0.207521,0.0406704,0.0621044,0.0291156,0.0480974,0.000501248,0.3296
0.222546,0.0432952,0.064053,0.0292958,0.0444551,0.000334166,0.341728
0.228314,0.0423238,0.0656495,0.0311111,0.0465545,-0.000251941,0.346966
0.237264,0.0441221,0.0701643,0.0302406,0.0433529,0.00376644,0.355714
0.25275,0.05081,0.0736713,0.0298774,0.0457469,0.00870316,0.381913
0.259516,0.0490893,0.0731717,0.0290582,0.0481882,0.0108896,0.390724
0.265849,0.0531317,0.0719562,0.0323708,0.0493309,0.00871157,0.402881
0.26807,0.0535015,0.0722684,0.0318492,0.0513121,0.0114074,0.408887
0.27467,0.0563369,0.0749649,0.032157,0.0480416,0.00806566,0.409727
0.281448,0.0598935,0.0766506,0.0325004,0.0454697,0.0112283,0.417333
0.292568,0.0567864,0.0797551,0.0358464,0.0478889,0.00840127,0.422458
0.299293,0.0569946,0.0837557,0.0332401,0.0452312,0.00581294,0.437229
0.30572,0.0525732,0.0904066,0.0343213,0.0459378,0.00391569,0.44254
0.312047,0.0555523,0.0918569,0.0332718,0.0432944,0.00668832,0.450544
0.325156,0.0537438,0.0923239,0.0332685,0.0400773,0.00588419,0.455697
0.33439,0.05451,0.0938757,0.029955,0.0442455,0.00887531,0.464073
0.348474,0.0568411,0.0925557,0.0306059,0.0477611,0.0108626,0.466807
0.356526,0.0608232,0.0965115,0.036739,0.0513971,0.00797368,0.471572
0.366239,0.0644071,0.100714,0.0416466,0.0490512,0.0108598,0.481225
0.382988,0.0662511,0.105795,0.0430809,0.0516372,0.0126079,0.488872
0.388731,0.0691655,0.110162,0.0427527,0.0538543,0.0147474,0.493402
0.397823,0.0684033,0.110249,0.0448485,0.0543515,0.0157188,0.502585
0.409901,0.0689937,0.109274,0.0454353,0.0548911,0.0174071,0.509869
0.421905,0.0730043,0.112121,0.0443762,0.054815,0.0178746,0.518378
0.438059,0.0735066,0.114947,0.0449715,0.0550488,0.0170342,0.516677
0.448403,0.0745441,0.116362,0.0452902,0.0549804,0.0159965,0.528637
0.454425,0.0754527,0.122675,0.0453244,0.0543617,0.0168274,0.544259
0.471309,0.0766448,0.125121,0.0487341,0.0596248,0.0129916,0.558712
0.478326,0.0789006,0.127052,0.0507498,0.0596098,0.0125013,0.573455
0.493179,0.0820105,0.127937,0.0506681,0.0591128,0.00885708,0.596716
0.505549,0.0823547,0.12734,0.0512724,0.0599875,0.00561022,0.60779
0.506643,0.0848916,0.126953,0.0544902,0.0590257,0.00490952,0.616416
0.523669,0.0891526,0.126899,0.0604969,0.0582298,0.00846705,0.622484
0.53307,0.0889798,0.130686,0.0575133,0.0629655,0.0120831,0.624243
0.538145,0.0926896,0.130037,0.0581096,0.0621477,0.0127234,0.63581
0.552105,0.0935754,0.127872,0.0633091,0.0627654,0.0139916,0.646575
0.560656,0.0953057,0.129757,0.0685424,0.0669898,0.016003,0.661782
0.568714,0.0949907,0.12537,0.0701422,0.0698938,0.0117089,0.674613
0.579282,0.0980403,0.119269,0.0715678,0.0707802,0.0141885,0.685315
0.58998,0.0980593,0.120137,0.0690664,0.0702433,0.0159806,0.694911
0.598183,0.102309,0.120854,0.071221,0.0696487,0.017057,0.702451
0.611782,0.10256,0.119317,0.0703236,0.064183,0.0166162,0.710708
0.61374,0.102765,0.119288,0.0720389,0.0617111,0.0168885,0.721861
0.621386,0.103249,0.117334,0.0716201,0.0650265,0.0156339,0.729461
0.636018,0.10578,0.114311,0.0751578,0.0633585,0.0153244,0.736094
0.650406,0.111048,0.117224,0.0799637,0.0634665,0.0109832,0.742303
0.654644,0.115011,0.120479,0.0839719,0.0675342,0.00866871,0.753533
0.662219,0.119682,0.12054,0.0866119,0.0692339,0.0120054,0.773197
0.670486,0.122846,0.12057,0.0886602,0.0711761,0.0146759,0.773926
0.671527,0.124084,0.118944,0.0907741,0.0683344,0.0159885,0.779911
0.681312,0.122722,0.124618,0.0897662,0.0705499,0.0161034,0.785709
0.694754,0.121003,0.119315,0.0928702,0.0720779,0.0164996,0.792128
0.70397,0.125,0.120906,0.0940018,0.0696476,0.018522,0.802417
0.719477,0.125401,0.120272,0.100136,0.0667063,0.0244917,0.810775
0.713695,0.128719,0.117902,0.102846,0.0687191,0.0227473,0.814359
0.726718,0.137217,0.113118,0.110123,0.0629203,0.0249779,0.8371
0.731077,0.138128,0.109073,0.110188,0.0656029,0.0219998,0.847408
0.734701,0.140128,0.110351,0.1121,0.0625348,0.0208728,0.851336
0.740547,0.141614,0.115878,0.113935,0.0613176,0.0214688,0.878281
0.749967,0.147029,0.115622,0.121255,0.0587785,0.0231926,0.886538
0.758415,0.15172,0.118134,0.122324,0.05264,0.0223452,0.890238
0.767908,0.157227,0.118723,0.123909,0.053771,0.0247991,0.895524
0.777562,0.158808,0.120787,0.126841,0.0514812,0.0220668,0.898711
0.79092,0.158773,0.124011,0.128026,0.0523661,0.0208197,0.910663
0.801785,0.161583,0.128798,0.132891,0.05494,0.0269589,0.914838
0.814028,0.166405,0.132733,0.13647,0.055452,0.0323265,0.919451
0.835374,0.167861,0.13685,0.136691,0.0579826,0.033292,0.923763
0.846151,0.16762,0.135165,0.13765,0.0591973,0.0344834,0.930272
0.851609,0.171295,0.13681,0.141771,0.0597456,0.0350713,0.93283
0.859897,0.173821,0.140083,0.140669,0.0585003,0.0354853,0.930459
0.858308,0.178004,0.141242,0.141848,0.0621358,0.037809,0.946756
0.86395,0.177632,0.138866,0.143981,0.0597305,0.0382491,0.942559
0.878874,0.178811,0.141894,0.144594,0.0589688,0.0369966,0.946674
0.893214,0.181943,0.142623,0.147974,0.0585991,0.0356447,0.958627
0.903266,0.187415,0.142766,0.147084,0.0568694,0.0349402,0.965446
0.910085,0.192164,0.143258,0.152291,0.0531804,0.036491,0.976052
0.921421,0.196437,0.144952,0.156166,0.0513773,0.0374959,0.96566
0.929967,0.197971,0.151436,0.158134,0.0476428,0.0414116,0.97611
0.937166,0.203308,0.153627,0.158644,0.051163,0.0392209,0.989638
0.966649,0.208186,0.146994,0.159496,0.0501466,0.0384255,1.00036
0.968997,0.210284,0.144236,0.164179,0.0536089,0.0399913,1.013
0.968514,0.211283,0.137303,0.169701,0.050968,0.0415885,1.04298
0.987189,0.216001,0.129585,0.175325,0.0549747,0.0453804,1.05554
0.983484,0.225523,0.131347,0.174365,0.0567533,0.0420571,1.06297
1.00215,0.22531,0.134796,0.179366,0.0563977,0.0406213,1.0677
0.998338,0.225981,0.125844,0.18421,0.0539319,0.0385727,1.07737
0.995615,0.227557,0.122276,0.188947,0.0467686,0.037401,1.07484
1.00103,0.232425,0.123046,0.188675,0.042987,0.0360249,1.07702
1.0123,0.229412,0.121975,0.191759,0.0447405,0.0369972,1.0818
1.01859,0.23337,0.122256,0.194164,0.0424597,0.0374686,1.08603
1.0183,0.23729,0.129512,0.195115,0.039871,0.039481,1.08672
1.02772,0.237733,0.134189,0.196829,0.0392744,0.0390981,1.09184
1.04735,0.243592,0.135935,0.19579,0.040182,0.0366445,1.10048
1.04907,0.250784,0.135856,0.204177,0.046814,0.040115,1.11439
1.05642,0.25384,0.13596,0.209244,0.0526187,0.0392944,1.13553
1.07015,0.256509,0.129916,0.209205,0.0509319,0.0382835,1.13982
1.06387,0.261128,0.126664,0.210872,0.0493529,0.0450859,1.14318
1.09046,0.266818,0.122399,0.216851,0.0476776,0.0477607,1.15364
1.10125,0.266254,0.121053,0.220211,0.0508713,0.0463315,1.15706
1.10071,0.270699,0.119319,0.219087,0.0512345,0.0473974,1.17185
1.12105,0.274244,0.12407,0.226925,0.0509843,0.0450977,1.17239
1.13027,0.272499,0.123303,0.232961,0.0514433,0.0514762,1.18281
1.15127,0.27746,0.122956,0.229402,0.0504427,0.0518954,1.19099
1.15969,0.27609,0.127911,0.228738,0.0517099,0.047383,1.19499
1.14786,0.27937,0.128073,0.230616,0.0485996,0.048291,1.19902
1.14664,0.283368,0.120064,0.233603,0.0527779,0.045343,1.19952
1.14162,0.286946,0.109767,0.234516,0.0550785,0.0486389,1.20163
1.13347,0.293566,0.10509,0.241347,0.0543728,0.0460855,1.19701
1.13977,0.296048,0.097655,0.250789,0.0569619,0.0425336,1.19493
1.13783,0.30192,0.0868947,0.248976,0.0512596,0.0477575,1.20037
1.15022,0.310465,0.0831317,0.250114,0.0518175,0.0502721,1.20897
1.15201,0.313884,0.089849,0.255539,0.0500529,0.0464943,1.21726
1.16242,0.314401,0.0934685,0.257423,0.0479392,0.0467595,1.22196
1.17165,0.318055,0.0974097,0.257632,0.0481761,0.0488973,1.23479
1.1752,0.316636,0.100629,0.266338,0.0479892,0.0580553,1.2432
1.20848,0.320289,0.106886,0.267,0.0447999,0.0571819,1.25336
1.2093,0.321853,0.106872,0.263269,0.0446484,0.0570238,1.2638
1.20644,0.321938,0.107227,0.269878,0.045285,0.0525855,1.27851
1.21526,0.328415,0.107059,0.273487,0.0466229,0.0541614,1.28457
1.21842,0.331994,0.0998067,0.275927,0.0422392,0.0578713,1.2852
1.22185,0.339979,0.0950812,0.285938,0.0443078,0.0554861,1.29068
1.22497,0.346077,0.0968522,0.293683,0.0460246,0.0548057,1.29141
1.23267,0.351952,0.0987417,0.296922,0.0483901,0.0555813,1.30347
1.24571,0.354758,0.0976544,0.297533,0.0491913,0.0575059,1.30862
1.24987,0.352732,0.102735,0.301528,0.0399088,0.0595932,1.31501
1.2424,0.358229,0.106572,0.30203,0.0407106,0.0597294,1.31814
1.24969,0.356593,0.103702,0.304392,0.0376205,0.0569976,1.31954
1.2472,0.359154,0.0960443,0.302066,0.0330943,0.0552516,1.32654
1.25839,0.361028,0.0948841,0.30835,0.0400716,0.0541652,1.33482
1.25447,0.365802,0.0919908,0.305745,0.0415302,0.0548913,1.34113
1.25439,0.367093,0.0849028,0.314692,0.0415709,0.0582549,1.35121
1.25877,0.370726,0.0787189,0.3146,0.0399237,0.0572073,1.35326
1.25626,0.373306,0.0763719,0.31608,0.0318626,0.0595449,1.35616
1.29947,0.382944,0.0796723,0.323251,0.0263889,0.0541773,1.36129
1.29535,0.382374,0.0786351,0.326745,0.0266116,0.0524371,1.36106
1.30326,0.391563,0.0845756,0.328556,0.0223205,0.0550186,1.36176
1.29852,0.390613,0.0907959,0.329062,0.0234395,0.0512886,1.36007
1.29722,0.398219,0.093019,0.333861,0.0207967,0.0554057,1.36111
1.30944,0.400081,0.0950134,0.329363,0.0248966,0.0581063,1.36035
1.30237,0.406111,0.093974,0.328979,0.0226708,0.0589702,1.36685
1.31417,0.411271,0.0872727,0.336518,0.0290915,0.0556909,1.37455
1.32839,0.421114,0.0855054,0.340729,0.0324818,0.0530824,1.37811
1.32267,0.426949,0.0841625,0.351233,0.034952,0.048919,1.38454
1.33989,0.431969,0.0841927,0.348751,0.0325045,0.0499363,1.39165
1.34655,0.433405,0.0847108,0.358576,0.0267611,0.0506317,1.40564
1.33335,0.432522,0.0939257,0.35376,0.0267558,0.052238,1.40921
1.34629,0.436304,0.0905684,0.355156,0.0249298,0.0552286,1.40689
1.35051,0.440635,0.0837758,0.357564,0.0218418,0.0577114,1.41485
1.3452,0.448046,0.0755703,0.359347,0.0242999,0.0611093,1.41349
1.3456,0.451352,0.0718012,0.369156,0.0257117,0.0612409,1.41462
1.35572,0.461394,0.0587645,0.374053,0.0256668,0.067497,1.41668
1.38615,0.463865,0.0536879,0.381051,0.0246043,0.0721122,1.42404
1.38713,0.470701,0.0543471,0.385684,0.0263598,0.0753546,1.42884
1.38963,0.475918,0.0579216,0.395376,0.0209524,0.0690968,1.43484
1.41565,0.475904,0.0623322,0.39706,0.017831,0.0642503,1.43675
1.40752,0.483929,0.0673951,0.406255,0.0156772,0.0648176,1.44225
1.40692,0.483542,0.0700118,0.40283,0.0118654,0.069438,1.44616
1.4003,0.482832,0.0692655,0.416168,0.0110053,0.0767897,1.45002
1.38888,0.49366,0.0681176,0.414803,0.020074,0.0762963,1.45562
1.39464,0.496053,0.0681581,0.424856,0.023602,0.0817345,1.46501
1.40933,0.506758,0.0600302,0.426636,0.0276281,0.0821412,1.46716
1.41717,0.509622,0.0619101,0.435536,0.0258228,0.0824541,1.47294
1.42008,0.512008,0.0642458,0.436485,0.0235503,0.0798208,1.46867
1.42423,0.520076,0.0703797,0.439654,0.0159666,0.0814135,1.47441
1.42897,0.520355,0.0717191,0.443755,0.0139547,0.0828148,1.46735
1.42367,0.522707,0.0709228,0.441532,0.0104028,0.0797124,1.46348
1.42569,0.528144,0.0651082,0.449498,0.0153732,0.0769614,1.47421
1.41915,0.525974,0.0563741,0.457213,0.0195493,0.0773564,1.46728
1.41774,0.529838,0.0429928,0.470536,0.022348,0.0814891,1.47073
1.45001,0.545597,0.0337181,0.471176,0.0204921,0.0864705,1.47393
1.44346,0.549678,0.03503,0.475424,0.0199492,0.0902083,1.4772
1.43874,0.554031,0.0391657,0.48135,0.0154034,0.0892539,1.47639
1.46843,0.56418,0.0393468,0.47671,0.0121412,0.0846479,1.48254
1.47477,0.566341,0.0427208,0.486756,0.00531543,0.0783214,1.48478
1.469,0.568224,0.0488719,0.491888,0.00943656,0.073508,1.49046
1.45809,0.566522,0.0512242,0.489729,0.014014,0.0726784,1.49568
1.44763,0.570956,0.044374,0.492937,0.0173822,0.0786933,1.49745
1.45793,0.573589,0.0434814,0.491542,0.0226957,0.0798919,1.50731
1.46611,0.578533,0.035747,0.500471,0.022915,0.080316,1.51231
1.4652,0.590625,0.0309019,0.5052,0.0241408,0.0829661,1.54166
1.47072,0.597453,0.0364338,0.509363,0.0229053,0.0792729,1.54186
1.46407,0.601563,0.0403891,0.526668,0.011815,0.0773082,1.53959
1.4722,0.598952,0.032526,0.536504,0.0155812,0.0746432,1.5391
1.46722,0.596493,0.0249153,0.547812,0.014918,0.0811617,1.54354
1.45644,0.602438,0.013561,0.542187,0.0132245,0.0896724,1.53793
1.45975,0.610732,0.00878334,0.54919,0.00924123,0.0892093,1.54364
1.46656,0.620304,0.00938928,0.548891,0.00953785,0.0894504,1.53352
1.48174,0.627376,0.0152873,0.548432,0.00240478,0.0825733,1.5392
1.51874,0.634323,0.021247,0.555688,0.00365995,0.0779224,1.52675
1.51296,0.639586,0.0244874,0.553534,0.000501663,0.0731888,1.53486
1.50353,0.6482,0.0300209,0.547804,0.000991511,0.0724455,1.53084
1.49678,0.641687,0.0332578,0.547988,0.00223888,0.0767601,1.53483
1.49291,0.638031,0.0290348,0.551858,0.00403233,0.0879622,1.53213
1.49995,0.642596,0.0216549,0.548026,0.0073396,0.0868024,1.53816
1.51104,0.650164,0.0165503,0.545508,0.0107637,0.0806829,1.53695
1.51685,0.661954,0.0172287,0.558612,0.00953576,0.0721397,1.57077
1.52005,0.664822,0.0242152,0.562514,0.0136094,0.0656405,1.57029
1.50738,0.660678,0.0325856,0.565201,0.0103435,0.0670938,1.56641
1.49903,0.663592,0.0317537,0.568883,0.00568373,0.0651193,1.55515
1.50212,0.664548,0.0290683,0.574296,0.00371099,0.0645988,1.54532
1.50933,0.670586,0.0190207,0.571602,0.00398363,0.0671343,1.54417
1.50277,0.676563,0.00928445,0.582649,0.00494087,0.0709135,1.54232
1.50556,0.677529,-0.00286405,0.594854,0.00482125,0.0825084,1.54371
1.50349,0.682385,0.00106778,0.596266,0.00166395,0.0841559,1.54733
1.49755,0.691771,0.00338553,0.597316,-0.00204548,0.0790883,1.5447
1.50513,0.702094,0.00590951,0.602958,-0.0064848,0.0761099,1.54857
1.53231,0.706088,0.0140104,0.6166,-0.00424764,0.07007,1.55104
1.53093,0.714392,0.0210462,0.624206,-0.00518258,0.0666736,1.55148
1.52721,0.717072,0.0173813,0.620832,-0.00429417,0.0722801,1.54704
1.52664,0.718605,0.0125454,0.617868,-0.00262745,0.0819977,1.54314
1.51983,0.719175,0.0075821,0.630597,0.00308727,0.0892984,1.54565
1.51765,0.727274,0.003135,0.634387,0.00777273,0.0873557,1.54592
1.51277,0.730079,0.00156403,0.640831,0.0211947,0.0872759,1.54118
1.51361,0.730947,0.00530016,0.64133,0.0187735,0.0881599,1.56273
1.51524,0.730926,0.0093946,0.650141,0.0115415,0.0826494,1.5517
1.51458,0.720514,0.0107981,0.660361,0.00735358,0.0804959,1.54198
1.52582,0.724489,0.00384872,0.671007,0.0061049,0.0797769,1.54088
1.53,0.734551,-0.00558444,0.671653,0.00754038,0.0757009,1.53353
1.52299,0.738465,-0.0101605,0.663849,0.00842661,0.0825562,1.53645
1.51752,0.743601,-0.0248356,0.676772,0.00300495,0.0881253,1.53741
1.5042,0.744673,-0.0262311,0.681651,-0.00351668,0.0915454,1.53787
1.4986,0.744141,-0.0161137,0.692121,-0.00767123,0.0906447,1.5396
1.51512,0.747283,-0.00950436,0.699944,-0.0141168,0.089223,1.53757
1.51771,0.749543,-0.00815496,0.703222,-0.0161785,0.0850193,1.53949
1.55105,0.753047,0.00095019,0.704006,-0.0163086,0.0822453,1.54108
1.54396,0.761353,0.00483377,0.706835,-0.0173414,0.0864211,1.54345
1.53087,0.769807,0.00465591,0.70013,-0.00999234,0.0932349,1.53703
1.51995,0.774201,-0.00126566,0.697837,-0.00154329,0.0965609,1.543
1.52276,0.774788,-0.00834856,0.702382,0.00472568,0.095938,1.53628
1.53427,0.77855,-0.0132438,0.710004,0.00684752,0.0967827,1.53504
1.53594,0.781784,-0.00236074,0.711265,0.00576108,0.0927296,1.53529
1.51877,0.786342,0.00427255,0.714193,0.00142321,0.0832304,1.53967
1.52222,0.788514,0.00574492,0.71038,-0.00252583,0.0748904,1.5491
1.52507,0.808362,-0.000376986,0.700996,-0.0110329,0.0748846,1.54083
1.55536,0.807633,-0.00726817,0.691218,-0.006721,0.0705718,1.54123
1.53445,0.8066,-0.0195621,0.688131,-0.00362351,0.0716385,1.54493
1.52264,0.814876,-0.0303045,0.688834,-0.00335802,0.0795121,1.5515
1.50765,0.819231,-0.0308283,0.69958,-0.00634476,0.080978,1.53791
1.50997,0.827593,-0.0253505,0.714392,-0.0108189,0.08113,1.53029
1.52175,0.833856,-0.0211902,0.712278,-0.0134448,0.0681961,1.52271
1.53108,0.835405,-0.0149349,0.713545,-0.0105985,0.0557866,1.52277
1.53931,0.840434,-0.00655627,0.71149,-0.0104707,0.0494302,1.51644
1.54816,0.841962,-0.0053575,0.712351,-0.0116956,0.0531698,1.50941
1.5311,0.845072,-0.0110459,0.713323,-0.00786744,0.0616994,1.49834
1.51416,0.845855,-0.0165519,0.715618,-0.00629087,0.0654645,1.53421
1.51577,0.847816,-0.0189408,0.722092,0.00035463,0.0632161,1.53174
1.52769,0.848704,-0.0252206,0.732193,0.00152007,0.0622794,1.52236
1.53206,0.840814,-0.023085,0.749502,-0.00102478,0.061891,1.52176
1.52365,0.836854,-0.0121816,0.761415,-0.00784908,0.0665162,1.52044
1.51057,0.83497,-0.0109063,0.770365,-0.00745366,0.0606089,1.51327
1.50714,0.834098,-0.0196777,0.798018,-0.0081665,0.0549885,1.51284
1.49587,0.836495,-0.0249627,0.798703,-0.00438357,0.0587284,1.50968
1.49249,0.838604,-0.0331625,0.793594,-0.00429116,0.0628257,1.51276
1.49768,0.836271,-0.0460827,0.796388,-0.0029778,0.0686706,1.50051
1.49445,0.839985,-0.0465995,0.792845,-0.00798999,0.0711289,1.50195
1.48924,0.846547,-0.0413056,0.793779,-0.0160532,0.0729037,1.5013
1.48632,0.855322,-0.0356818,0.796097,-0.0194967,0.0664896,1.50452
1.49546,0.861837,-0.0310058,0.797542,-0.0169922,0.05788,1.49516
1.49503,0.868108,-0.0217021,0.798658,-0.0193742,0.0587324,1.49638
1.49507,0.865315,-0.0202242,0.802478,-0.0193325,0.0638743,1.49066
1.49342,0.865847,-0.0202939,0.799878,-0.0191123,0.0746896,1.48588
1.48319,0.86861,-0.028186,0.801554,-0.0194657,0.0763516,1.48405
1.48724,0.866002,-0.0338659,0.79701,-0.0147223,0.080289,1.47822
1.49444,0.862461,-0.0345373,0.799836,-0.0113,0.0752811,1.46764
1.48995,0.872051,-0.0280503,0.8015,-0.0135369,0.0706327,1.46261
1.49346,0.876152,-0.0195651,0.80199,-0.0151907,0.0663145,1.4583
1.48454,0.878504,-0.0170021,0.804357,-0.0141882,0.0632165,1.45066
1.48274,0.878477,-0.0193274,0.804109,-0.0160655,0.0578859,1.45256
1.49825,0.880666,-0.0272709,0.812635,-0.0165412,0.0570589,1.44341
1.47297,0.886017,-0.0346849,0.809674,-0.0156165,0.0599636,1.44232
1.46051,0.889627,-0.040228,0.801435,-0.0167398,0.0589962,1.44598
1.45804,0.887953,-0.0450189,0.805102,-0.0195027,0.0660193,1.43978
1.44985,0.890795,-0.0416606,0.804715,-0.0276673,0.0674008,1.44318
1.44771,0.896425,-0.0423418,0.809103,-0.0256985,0.0546197,1.44246
1.45534,0.901658,-0.0419716,0.808597,-0.0252162,0.0441392,1.43688
1.46053,0.911104,-0.0339636,0.809337,-0.0280112,0.0400058,1.43801
1.45699,0.909998,-0.0295094,0.808307,-0.0313629,0.0401932,1.43714
1.44924,0.909595,-0.0338582,0.809534,-0.0355247,0.0434816,1.43336
1.43752,0.902425,-0.0330369,0.813072,-0.0289645,0.0490693,1.43012
1.43706,0.893117,-0.0396591,0.81674,-0.0213143,0.0508506,1.42565
1.44724,0.890271,-0.0482088,0.819039,-0.0214174,0.0504786,1.44912
1.44489,0.888309,-0.0509012,0.830063,-0.0183263,0.0475895,1.44402
1.42975,0.887725,-0.0449269,0.843706,-0.0193649,0.04918,1.42986
1.44992,0.891947,-0.0390665,0.86256,-0.0207185,0.0465958,1.42503
1.44811,0.898864,-0.0389962,0.872211,-0.0206694,0.0470208,1.41652
1.43874,0.907399,-0.0432036,0.88013,-0.022102,0.0500175,1.42848
1.42105,0.912981,-0.0484329,0.881255,-0.0185675,0.053256,1.41788
1.40648,0.924753,-0.0590131,0.885372,-0.0194888,0.0602277,1.41437
1.40369,0.924849,-0.0644441,0.882588,-0.016325,0.0647366,1.40312
1.39156,0.919613,-0.0638472,0.87698,-0.0174538,0.0655439,1.40115
1.38859,0.917014,-0.0635496,0.873924,-0.0235864,0.0613238,1.3865
1.42517,0.907154,-0.0645162,0.867548,-0.0252773,0.0563921,1.38118
1.42552,0.900992,-0.0595929,0.869229,-0.0273719,0.0477521,1.36986
1.41142,0.898691,-0.0519545,0.861952,-0.02851,0.0446791,1.36608
1.40807,0.901459,-0.0480616,0.861107,-0.0348139,0.0478188,1.35928
1.4042,0.903652,-0.0439967,0.854345,-0.0360893,0.0492432,1.34824
1.3964,0.907256,-0.0483799,0.860274,-0.0343118,0.0516579,1.3388
1.3778,0.908158,-0.0536929,0.863091,-0.0236216,0.05248,1.33453
1.37609,0.914178,-0.0594666,0.863812,-0.0170875,0.0513304,1.34205
1.37784,0.917307,-0.0662588,0.873488,-0.0192576,0.047147,1.33738
1.36514,0.90986,-0.0613304,0.8746,-0.019424,0.040251,1.32885
1.39838,0.915813,-0.0512549,0.871801,-0.0171656,0.0334848,1.33006
1.39266,0.926425,-0.0478783,0.869012,-0.0238952,0.0241352,1.32372
1.37699,0.938737,-0.0430519,0.861601,-0.0253369,0.0212819,1.33236
1.39255,0.94234,-0.0451467,0.850349,-0.0258411,0.0194437,1.3273
1.38346,0.934773,-0.0481485,0.841846,-0.0260202,0.019732,1.32778
1.36651,0.91924,-0.0541311,0.837588,-0.0257509,0.025039,1.31259
1.35285,0.913374,-0.0615513,0.839057,-0.0246342,0.0289136,1.30792
1.34307,0.904817,-0.0659421,0.841715,-0.0244597,0.030724,1.29568
1.33161,0.900683,-0.0638602,0.849167,-0.0285457,0.0284318,1.29172
1.33785,0.904892,-0.0668688,0.851989,-0.027366,0.0299079,1.28994
1.33072,0.908249,-0.0731015,0.85586,-0.0324527,0.0230876,1.28756
1.33133,0.910986,-0.0668044,0.865501,-0.0339747,0.0197876,1.28869
1.32589,0.910041,-0.0644284,0.879704,-0.0347798,0.0204794,1.28671
1.31455,0.912633,-0.0648281,0.888008,-0.0327931,0.0240163,1.2872
1.31287,0.914995,-0.0626394,0.90619,-0.02477,0.0338335,1.2799
1.29943,0.925427,-0.0665343,0.908034,-0.0207942,0.0366707,1.29736
1.30442,0.921114,-0.069059,0.923702,-0.0197875,0.0367597,1.28409
1.29386,0.923851,-0.0727997,0.918997,-0.0221509,0.0367044,1.27
1.31523,0.922007,-0.0683368,0.907652,-0.0160673,0.0365048,1.25805
1.31329,0.920188,-0.0624556,0.903552,-0.0202287,0.0346917,1.24878
1.3005,0.913775,-0.0543168,0.898897,-0.0220327,0.033401,1.23363
1.30991,0.902337,-0.0537038,0.897085,-0.0263571,0.0274459,1.22999
1.2956,0.894911,-0.0537309,0.899106,-0.0279492,0.0247973,1.21608
1.28824,0.892347,-0.0560814,0.899814,-0.0311357,0.0272257,1.20809
1.27278,0.882549,-0.0656778,0.898333,-0.0271831,0.0302104,1.20335
1.25727,0.882983,-0.0700103,0.895781,-0.0218362,0.0298848,1.20015
1.26558,0.887792,-0.0797916,0.892827,-0.0241818,0.0294407,1.20356
1.25454,0.893825,-0.0932155,0.880824,-0.027897,0.0314117,1.1985
1.247,0.901556,-0.0943135,0.87059,-0.0230589,0.0246677,1.21691
1.23584,0.916058,-0.0887599,0.859324,-0.0209765,0.0179498,1.20082
1.23691,0.925359,-0.0846263,0.854348,-0.0245694,0.0132411,1.19379
1.23567,0.931136,-0.0810024,0.848889,-0.0291424,0.0127932,1.18874
1.23191,0.924815,-0.0759489,0.843182,-0.0261116,0.00913729,1.18108
1.21985,0.917594,-0.0679753,0.840755,-0.0250741,0.0121567,1.17811
1.21777,0.907608,-0.0678562,0.854892,-0.0235163,0.0124406,1.17814
1.21171,0.894511,-0.0656941,0.853012,-0.0275245,0.0132243,1.17499
1.20124,0.882592,-0.0647105,0.855742,-0.027785,0.011073,1.17394
1.19877,0.871843,-0.0693944,0.866117,-0.0248522,0.0147059,1.16514
1.20389,0.870357,-0.0782529,0.874121,-0.0256339,0.0175132,1.16624
1.21514,0.872271,-0.073638,0.88021,-0.0236245,0.0202919,1.15698
1.21182,0.873628,-0.0692343,0.887587,-0.02446,0.0176027,1.15266
1.21519,0.880635,-0.0668576,0.895884,-0.022761,0.0187426,1.1385
1.20179,0.886037,-0.0645929,0.901989,-0.0240483,0.0193906,1.13477
1.19271,0.892438,-0.0615688,0.902686,-0.0268422,0.0188863,1.12905
1.1967,0.900199,-0.0622847,0.89691,-0.0268239,0.0171028,1.13208
1.19276,0.898001,-0.0697762,0.885004,-0.01787,0.0164518,1.11234
1.17373,0.891792,-0.0765643,0.871939,-0.0167504,0.0162684,1.12495
1.15514,0.886452,-0.076203,0.868231,-0.0214768,0.0206753,1.11984
1.14962,0.876992,-0.0818358,0.864183,-0.0212891,0.0195364,1.10458
1.13933,0.865867,-0.0872638,0.867569,-0.0265345,0.0160697,1.09329
1.12672,0.852835,-0.0852358,0.867446,-0.0279153,0.01159,1.07882
1.12035,0.842108,-0.0833876,0.871191,-0.0280959,0.00966603,1.07576
1.12067,0.83189,-0.0834446,0.893787,-0.0315642,0.00909917,1.06492
1.11583,0.832525,-0.0808022,0.893637,-0.0358904,0.00737931,1.05421
1.10006,0.824392,-0.0727221,0.886554,-0.0350715,0.00572642,1.04179
1.09892,0.826295,-0.0721385,0.879772,-0.0363881,0.00540611,1.0337
1.10373,0.831666,-0.0750084,0.86864,-0.0345839,0.00599072,1.016
1.08833,0.840112,-0.0708865,0.853678,-0.0299535,0.00953731,1.00583
1.07258,0.847317,-0.0740388,0.845785,-0.028552,0.0109406,1.0059
1.07273,0.852455,-0.0797551,0.834271,-0.0224883,0.00404512,0.997557
1.06966,0.853287,-0.0823799,0.828504,-0.0185944,-2.79312e-05,0.997341
1.06612,0.855789,-0.0839016,0.824697,-0.0157236,-0.00243512,0.994843
1.06802,0.855502,-0.0841306,0.817119,-0.0151384,-0.015499,0.99106
1.0731,0.848525,-0.0784252,0.815662,-0.0211939,-0.0150352,0.989571
1.06365,0.838086,-0.0767768,0.809033,-0.0219209,-0.00811108,1.01283
1.05449,0.832895,-0.0727927,0.808898,-0.0266378,-0.00574482,1.00935
1.05744,0.842032,-0.0733584,0.810242,-0.0274773,-0.00378625,0.99999
1.07422,0.835071,-0.0709334,0.816984,-0.0293763,-0.00186414,0.987657
1.05023,0.831993,-0.0723863,0.824399,-0.0278516,0.00217686,0.987039
1.03255,0.830874,-0.0804499,0.831278,-0.0242031,0.00805106,0.982712
1.03281,0.823552,-0.0850881,0.838185,-0.0211227,0.0105885,0.976096
1.00932,0.818551,-0.0886356,0.845068,-0.0239204,0.00888948,0.962153
1.00084,0.809666,-0.0976462,0.845054,-0.0211022,0.00486625,0.949896
0.993197,0.801713,-0.102641,0.846568,-0.0211094,0.00345789,0.946893
0.986859,0.798444,-0.101441,0.84832,-0.0256391,0.00297418,0.93981
0.987593,0.802132,-0.096544,0.849257,-0.0297964,0.000967076,0.927498
0.981199,0.798828,-0.093224,0.842918,-0.0311226,0.00160379,0.920576
0.975845,0.795753,-0.0851721,0.838717,-0.029622,0.00128834,0.911854
0.965549,0.784382,-0.0791519,0.833654,-0.0266473,-0.000104196,0.909943
0.965927,0.778961,-0.0741515,0.830378,-0.0257497,-0.000825691,0.90102
0.982819,0.763369,-0.0722248,0.833172,-0.0300918,-8.34239e-05,0.883099
0.966778,0.754679,-0.0715948,0.83244,-0.0281771,-0.0084129,0.88305
0.964466,0.747977,-0.0709936,0.829041,-0.0236542,-0.00688533,0.897808
0.958123,0.746024,-0.0709105,0.826642,-0.0196624,-0.00688714,0.891127
0.949042,0.760472,-0.0711369,0.819909,-0.0215951,-0.00555118,0.886714
0.953422,0.76437,-0.0750646,0.814444,-0.0197556,-0.00281843,0.881644
0.942615,0.762149,-0.0790691,0.804264,-0.0239728,-0.00580598,0.870843
0.936953,0.760698,-0.0829085,0.790182,-0.0249724,-0.00373695,0.862377
0.93589,0.750524,-0.0843157,0.776248,-0.0228289,-0.0033998,0.858886
0.922384,0.741267,-0.0775055,0.757801,-0.0212519,-0.00330394,0.844948
0.917624,0.739072,-0.0741415,0.745864,-0.0218299,-0.00220927,0.841095
0.911597,0.737222,-0.0664074,0.736972,-0.0228485,-0.00385989,0.836433
0.893798,0.737833,-0.0616051,0.721579,-0.0203674,-0.0107799,0.821296
0.892271,0.733895,-0.0645646,0.717595,-0.0210836,-0.012291,0.818122
0.887965,0.738099,-0.0659549,0.713982,-0.0208473,-0.01785,0.807084
0.867284,0.732873,-0.069754,0.717947,-0.0213821,-0.0163051,0.793699
0.857266,0.721914,-0.0746854,0.721574,-0.0218929,-0.014429,0.784154
0.852027,0.710776,-0.0771065,0.716064,-0.019647,-0.0140595,0.774638
0.848502,0.705019,-0.0810825,0.709509,-0.0176141,-0.00735737,0.771314
0.835581,0.700335,-0.0851275,0.702869,-0.0158865,-0.00313889,0.763363
0.827887,0.697225,-0.0882868,0.700456,-0.0192041,-0.00644927,0.76731
0.82083,0.68729,-0.0907048,0.711034,-0.0141014,-0.0015416,0.752204
0.813001,0.691576,-0.0936616,0.715925,-0.0154021,-0.00483456,0.747939
0.80921,0.678721,-0.0952517,0.71163,-0.0179845,-0.0034018,0.739612
0.801484,0.675481,-0.0960658,0.702095,-0.021524,-0.00707309,0.731921
0.799235,0.672859,-0.0921547,0.700789,-0.0232157,-0.00390821,0.720696
0.806274,0.672467,-0.0867545,0.69801,-0.023876,-0.00181359,0.71569
0.796794,0.669037,-0.0837264,0.699373,-0.0230744,-0.00446366,0.715237
0.785074,0.660396,-0.0804777,0.701829,-0.0270154,-0.00527172,0.71766
0.777855,0.655011,-0.0808168,0.702652,-0.0291848,-0.0034955,0.717792
0.765579,0.652234,-0.0792337,0.694554,-0.0289697,-0.00920495,0.712135
0.7714,0.655966,-0.0806281,0.681916,-0.0274235,-0.0082909,0.70908
0.763426,0.649538,-0.0765037,0.674992,-0.0247587,-0.00944059,0.708837
0.755117,0.642483,-0.0772905,0.66628,-0.0199061,-0.00866618,0.698367
0.756551,0.638223,-0.0776133,0.666654,-0.0206145,-0.0074466,0.692338
0.752623,0.633722,-0.0786499,0.662047,-0.0194086,-0.0117521,0.688202
0.745019,0.61996,-0.0788224,0.653391,-0.0190925,-0.0162458,0.677061
0.729599,0.611889,-0.0769116,0.64544,-0.0127888,-0.0137525,0.673045
0.726853,0.606961,-0.0789943,0.647381,-0.0144159,-0.015815,0.670478
0.715565,0.601435,-0.0800756,0.66382,-0.0163965,-0.0156509,0.666799
0.707258,0.591262,-0.0812871,0.653127,-0.0158818,-0.0132235,0.665284
0.69941,0.586865,-0.0837763,0.640574,-0.0200983,-0.0105757,0.654973
0.698319,0.584631,-0.0787216,0.629117,-0.0231593,-0.0107955,0.652867
0.700619,0.579324,-0.0804686,0.626865,-0.023176,-0.0137365,0.639399
0.706543,0.572528,-0.0790097,0.620338,-0.0219535,-0.0165336,0.633036
0.692399,0.572771,-0.0766552,0.605817,-0.0237443,-0.018147,0.620364
0.676566,0.56993,-0.0774994,0.597294,-0.0202109,-0.0189792,0.613362
0.675336,0.565615,-0.0754159,0.597391,-0.0207402,-0.0212544,0.605975
0.671106,0.566256,-0.0738421,0.580854,-0.018047,-0.0222925,0.602371
0.67064,0.560446,-0.0764064,0.567753,-0.0233757,-0.0270716,0.59329
0.659473,0.548382,-0.0813059,0.566652,-0.0234558,-0.0300639,0.582642
0.642131,0.546558,-0.0841021,0.557981,-0.0211434,-0.0350792,0.581053
0.639681,0.53886,-0.0849493,0.546435,-0.0203489,-0.0370822,0.568366
0.629464,0.52967,-0.0823365,0.547485,-0.0208055,-0.0406038,0.557634
0.620583,0.531205,-0.0886118,0.534222,-0.0165467,-0.0381255,0.541746
0.607437,0.521712,-0.0912311,0.530157,-0.0176519,-0.0374333,0.537706
0.603864,0.514211,-0.0880351,0.524569,-0.0194433,-0.0372218,0.534667
0.598866,0.512095,-0.0876706,0.524904,-0.0156906,-0.0367366,0.533943
0.586936,0.505091,-0.0910305,0.525181,-0.0126254,-0.0374909,0.522372
0.581617,0.505787,-0.0915878,0.518902,-0.0103459,-0.0368171,0.512679
0.577095,0.494451,-0.0865709,0.510907,-0.0176004,-0.0360344,0.512765
0.56802,0.488867,-0.0858559,0.51122,-0.0172542,-0.030648,0.507256
0.567341,0.483194,-0.0863444,0.498253,-0.0173319,-0.0257666,0.504892
0.562116,0.47957,-0.0914979,0.500433,-0.0168017,-0.0216442,0.49462
0.550587,0.477132,-0.0892936,0.494572,-0.0111103,-0.0205972,0.48192
0.544803,0.46796,-0.0865611,0.486548,-0.0114456,-0.0248848,0.480878
0.536658,0.46724,-0.0862829,0.484067,-0.0129035,-0.0226476,0.474346
0.529727,0.457005,-0.0827999,0.47215,-0.0139315,-0.0216932,0.465004
0.531893,0.452841,-0.0822024,0.478428,-0.0151326,-0.0211337,0.454129
0.523475,0.440843,-0.0781633,0.463139,-0.0151558,-0.0209296,0.455654
0.518363,0.435011,-0.0764068,0.4637,-0.0162922,-0.0211534,0.445979
0.51686,0.424869,-0.0770066,0.458681,-0.0123473,-0.0208939,0.434742
0.520386,0.425979,-0.0771531,0.458453,-0.00999017,-0.0156196,0.419541
0.511056,0.418681,-0.0757302,0.452464,-0.0122403,-0.016868,0.416804
0.502605,0.418746,-0.0733425,0.44364,-0.0141343,-0.0170236,0.407004
0.495009,0.408065,-0.0757157,0.435825,-0.0159338,-0.0157426,0.39979
0.48797,0.403974,-0.0765772,0.430189,-0.0172563,-0.0154056,0.388737
0.478272,0.396738,-0.0727547,0.41899,-0.016889,-0.01128,0.384513
0.470036,0.393438,-0.0712987,0.412222,-0.0167478,-0.0100913,0.378638
0.46352,0.387119,-0.0693489,0.404578,-0.0173252,-0.0134617,0.374797
0.46296,0.379327,-0.0723073,0.398085,-0.0119056,-0.0167954,0.372245
0.451881,0.369735,-0.0748758,0.391078,-0.0135596,-0.0175576,0.357933
0.442527,0.359685,-0.0767008,0.383696,-0.0107033,-0.0176519,0.352724
0.434546,0.351766,-0.0817548,0.376309,-0.0136543,-0.0167938,0.346142
0.42463,0.345616,-0.0814228,0.373184,-0.0112691,-0.0160385,0.339247
0.419625,0.341179,-0.076375,0.360939,-0.00808622,-0.0176034,0.33426
0.409934,0.330376,-0.0815017,0.355398,-0.0107321,-0.0181071,0.326688
0.404765,0.325134,-0.0796061,0.347262,-0.0118851,-0.0184767,0.328738
0.397718,0.316478,-0.0783378,0.344498,-0.0138842,-0.0170612,0.317356
0.389596,0.313377,-0.0797593,0.340961,-0.0153925,-0.0170066,0.307767
0.395885,0.305409,-0.0789454,0.330353,-0.0170569,-0.0168274,0.294864
0.385983,0.296571,-0.0806904,0.323528,-0.0173319,-0.0175193,0.291073
0.381249,0.288074,-0.08384,0.313081,-0.0180941,-0.0179197,0.28552
0.373517,0.2838,-0.0837314,0.308086,-0.0179932,-0.019439,0.274462
0.363193,0.284347,-0.0825408,0.304572,-0.0175021,-0.0206794,0.272341
0.350744,0.273951,-0.0798645,0.297132,-0.0170143,-0.0200214,0.265067
0.347794,0.265274,-0.0783751,0.288996,-0.0177863,-0.0136867,0.260704
0.34117,0.266116,-0.075945,0.281836,-0.0174505,-0.0184197,0.256264
0.335176,0.256281,-0.0787342,0.276943,-0.0180681,-0.0167507,0.253587
0.327151,0.247353,-0.0763177,0.26956,-0.0187493,-0.0165056,0.245786
0.320913,0.239486,-0.0721185,0.265761,-0.018327,-0.0126224,0.240587
0.312583,0.23637,-0.0714903,0.258082,-0.0133342,-0.0155282,0.232591
0.309837,0.227038,-0.0714635,0.249868,-0.010498,-0.0135853,0.226995
0.301389,0.224884,-0.0722597,0.241926,-0.0121148,-0.017191,0.221922
0.291492,0.216977,-0.0739553,0.234176,-0.0136457,-0.016891,0.217207
0.286447,0.212134,-0.0702335,0.224617,-0.0111578,-0.0164369,0.215529
0.279792,0.19989,-0.0740807,0.220999,-0.0134856,-0.0115672,0.208646
0.270223,0.19302,-0.0736432,0.210571,-0.0100471,-0.013397,0.201781
0.265335,0.186143,-0.0753245,0.206388,-0.00813483,-0.0088649,0.199229