-0.000267869,0.000150931,0.000740614,0.000663539,-0.00011791,-0.00044203,-0.000213648
-0.000178579,-0.000456191,-6.30692e-05,0.00114355,-0.000282057,-5.73275e-05,0.000332286
-0.000675864,0.000252685,-0.00069166,-0.000405372,-0.000188038,-3.82184e-05,-1.58351e-05
0.000106235,0.000168456,-0.000461107,0.000965191,-0.000362718,0.00021188,-0.000247916
0.000627636,0.000112304,-0.000307404,-0.000541205,0.000198998,-9.61056e-05,-0.000402636
-0.0006952,-0.00113156,0.000444678,-0.000344483,-0.000308144,-6.40704e-05,-0.000268424
-0.000463467,0.000452055,0.000296452,-0.000867029,0.000472739,-0.000280073,-0.000653668
0.000804646,-0.000255442,-0.00238856,0.000637586,7.78003e-05,-0.000424074,0.000513658
0.00118604,-0.000170295,-0.00254778,-0.000774483,0.000289226,-4.5357e-05,0.00108842
0.00184345,-0.00187677,-0.00174946,-0.00171758,0.000192817,-3.0238e-05,-0.0089094
-0.00187603,-0.00190079,-0.00438804,-0.00145941,0.000331995,-0.000257518,-0.00770608
-0.00545906,-0.001266,-0.00657561,-0.00311553,-0.00042293,-0.000171678,-0.00379196
-0.00663291,0.00109777,-0.0128406,-0.00148994,-0.00586696,-0.000351811,-0.00198515
-0.00656443,3.01539e-05,-0.0120191,-0.000942148,-0.00562568,-0.000234541,-0.0011791
-0.0118538,0.00446567,-0.0164022,0.00240451,-0.00827582,-0.000902346,-0.00127121
-0.0151982,0.00289619,-0.0177523,0.0022772,-0.00500806,0.00038178,0.000662102
-0.015936,0.00590053,-0.0196963,-0.000389071,-0.00162593,1.71613e-05,-0.00345479
-0.0210179,0.00666633,-0.0234191,0.00458973,0.000743158,0.0002488,-0.00229129
-0.0249847,0.00686808,-0.0238068,0.0048084,0.00244222,-0.000308851,-0.00142535
-0.024414,0.00365665,-0.0243097,0.00473646,0.00316452,-0.000205901,0.000703137
-0.0227711,0.00768656,-0.0215946,0.00642165,0.00308395,-0.000137267,-0.00376891
-0.0218723,0.0112166,-0.0221672,0.00632338,0.00279514,-0.00107486,-0.00904214
-0.0227256,0.0129776,-0.0232735,0.00966844,0.00310445,-0.000241853,-0.00561979
-0.0256824,0.0142209,-0.0223775,0.0116696,0.00200858,7.61239e-05,-0.00759105
-0.0294327,0.0133164,-0.0201309,0.0141221,0.000649008,5.07493e-05,-0.0151916
-0.0300487,0.0127743,-0.0196818,0.0152596,-0.0055423,0.0003051,-0.0208704
-0.0329799,0.0113739,-0.0181939,0.0161409,-0.00989024,0.0002034,-0.0254704
-0.0338921,0.0143546,-0.0200145,0.0150951,-0.0135113,0.000372959,-0.0288759
-0.0379458,0.0131788,-0.0195047,0.0171058,-0.0153178,0.000248639,-0.0308547
-0.041804,0.0154043,-0.0251825,0.0179213,-0.0195353,0.000640477,-0.0368945
-0.046455,0.0174739,-0.0291314,0.0206504,-0.0182617,0.000189626,-0.0475492
-0.0512072,0.0174242,-0.0333311,0.0219189,-0.0223088,0.000601135,-0.0587988
-0.0579465,0.0155019,-0.0349537,0.0185569,-0.0249227,0.000638116,-0.0644577
-0.0626232,0.015898,-0.0373321,0.0207132,-0.0274284,0.000188052,-0.0716447
-0.0668592,0.0142862,-0.0352599,0.0213498,-0.0295308,0.000125368,-0.0800552
-0.0692304,0.0169658,-0.034349,0.0213893,-0.0317956,0.000320937,-0.0938752
-0.0716389,0.0170488,-0.0390159,0.0267606,-0.027999,-2.34007e-05,-0.0988938
-0.0755244,0.0203875,-0.0368178,0.0294341,-0.0254014,-1.56004e-05,-0.105812
-0.0777962,0.0269376,-0.0358333,0.0277415,-0.0294801,0.000972944,-0.112902
-0.081623,0.0271709,-0.0352542,0.0294314,-0.0319972,0.000648629,-0.118322
-0.0811658,0.0272226,-0.0342437,0.0317447,-0.0344473,0.0011445,-0.116394
-0.0871411,0.0302424,-0.0354243,0.032618,-0.0360521,0.00103426,-0.119768
-0.0910293,0.0297296,-0.0361734,0.0342031,-0.0413505,0.000926869,-0.123951
-0.0920063,0.0279021,-0.0371755,0.0332275,-0.0396744,-0.0036025,-0.125527
-0.0925915,0.0328271,-0.0410403,0.0381467,-0.0386839,-0.00279293,-0.123734
-0.0939728,0.0343495,-0.0444935,0.0365051,-0.0375222,-0.00239275,-0.130217
-0.100472,0.0368908,-0.0456504,0.0418771,-0.0376387,-0.00181525,-0.135022
-0.107286,0.0345678,-0.0490789,0.0409362,-0.0365388,-0.00161259,-0.135821
-0.10837,0.0360033,-0.0502472,0.0437655,-0.041695,-0.000961499,-0.138812
-0.109807,0.0374925,-0.0506616,0.0470284,-0.0405692,-0.00025913,-0.141213
-0.113708,0.039024,-0.050362,0.0455898,-0.0349271,0.000266237,-0.148482
-0.117196,0.0384399,-0.0470689,0.0511336,-0.0356702,0.00131206,-0.14891
-0.121564,0.0395249,-0.0483178,0.0503621,-0.036031,-0.00350152,-0.149661
-0.12557,0.0432166,-0.0485828,0.0533224,-0.0410106,-0.0022363,-0.153801
-0.128849,0.0440698,-0.0479366,0.0531824,-0.0399794,-0.00203616,-0.15859
-0.135119,0.043977,-0.0478801,0.0552101,-0.0396002,-0.00158839,-0.162101
-0.143093,0.0456513,-0.0497001,0.0568283,-0.0393624,-0.00473309,-0.167779
-0.144738,0.0465904,-0.049835,0.0571452,-0.0382773,-0.00367595,-0.172902
-0.144166,0.0484405,-0.0461304,0.0590665,-0.0383415,-0.00284105,-0.177356
-0.148974,0.0505282,-0.0484177,0.0636878,-0.0424689,-0.00647774,-0.179548
-0.158191,0.0509417,-0.0535855,0.0621883,-0.0410253,-0.00896935,-0.18731
-0.164488,0.0525687,-0.0524857,0.0650114,-0.0442604,-0.0110093,-0.18682
-0.161985,0.0535597,-0.0548861,0.0673955,-0.0424801,-0.0131317,-0.19143
-0.16555,0.0552896,-0.0580314,0.0688885,-0.0462,-0.014343,-0.200679
-0.172254,0.0559336,-0.0594382,0.070397,-0.0443427,-0.016095,-0.202873
-0.174079,0.057141,-0.0557901,0.0714886,-0.0428517,-0.0173121,-0.208035
-0.175486,0.0583993,-0.0584345,0.0725271,-0.0465492,-0.0180593,-0.213787
-0.183266,0.0612435,-0.0576941,0.0740395,-0.0438517,-0.0183892,-0.217779
-0.185775,0.0604485,-0.0601362,0.0733871,-0.0415804,-0.0183216,-0.214826
-0.195587,0.0616323,-0.0587309,0.074919,-0.0415798,-0.0194384,-0.225958
-0.196294,0.0630491,-0.0629812,0.0757677,-0.0402329,-0.0181681,-0.232525
-0.202791,0.0596184,-0.0585707,0.0767783,-0.043419,-0.0178743,-0.230098
-0.209807,0.0600524,-0.0572439,0.0757061,-0.0466232,-0.0171725,-0.229715
-0.218552,0.0653345,-0.061252,0.076076,-0.0489456,-0.0167119,-0.233599
-0.21901,0.0749147,-0.0650187,0.0821291,-0.0459807,-0.0154657,-0.235742
-0.219807,0.0796147,-0.0635333,0.0836439,-0.0495458,-0.0154907,-0.243395
-0.219292,0.0788299,-0.0607262,0.0871316,-0.0529457,-0.0133351,-0.247021
-0.225707,0.0736548,-0.0642175,0.0898088,-0.0532565,-0.0200397,-0.249567
-0.233663,0.0706767,-0.0720345,0.0908585,-0.0539431,-0.0233175,-0.246963
-0.242183,0.0673117,-0.0688875,0.0919858,-0.0464546,-0.0215545,-0.249317
-0.244382,0.0670139,-0.061425,0.0857182,-0.0409978,-0.0177685,-0.254137
-0.242776,0.0707823,-0.0525681,0.0860709,-0.037364,-0.0152457,-0.266475
-0.244018,0.0748889,-0.0573978,0.0912184,-0.0430623,-0.0146053,-0.271772
-0.259,0.0832703,-0.0619516,0.0968396,-0.0522874,-0.0151441,-0.271416
-0.267429,0.0932835,-0.0616393,0.0970756,-0.0520831,-0.01507,-0.275298
-0.267388,0.097657,-0.0564202,0.103528,-0.0579394,-0.00849304,-0.281742
-0.254115,0.103432,-0.0636445,0.116425,-0.0595806,-0.00449171,-0.290836
-0.25437,0.100283,-0.0678714,0.113265,-0.0496759,-0.017137,-0.294703
-0.271852,0.0896987,-0.0708079,0.106789,-0.0488332,-0.0229512,-0.292506
-0.284647,0.0791169,-0.0688829,0.112861,-0.0532658,-0.0161021,-0.295241
-0.29848,0.0749971,-0.0723651,0.100716,-0.0517358,-0.0173939,-0.306314
-0.28835,0.0786006,-0.079194,0.0982699,-0.0540406,-0.015712,-0.31756
-0.285798,0.0868552,-0.0747165,0.111671,-0.0571152,-0.0128175,-0.325912
-0.298828,0.0895831,-0.0673742,0.113914,-0.0429057,-0.0237255,-0.322346
-0.308324,0.0972951,-0.0664514,0.114613,-0.0361163,-0.0298554,-0.325356
-0.311452,0.109739,-0.0704408,0.122202,-0.0462037,-0.0183257,-0.329826
-0.309121,0.115623,-0.0676267,0.116171,-0.0511836,-0.0137374,-0.3309
-0.304619,0.112587,-0.0664802,0.11446,-0.0511001,-0.015149,-0.342158
-0.314668,0.109215,-0.0632561,0.119531,-0.0501209,-0.0280255,-0.337812
-0.315169,0.105586,-0.0610896,0.124661,-0.0446958,-0.0343999,-0.341234
-0.320701,0.105892,-0.0630287,0.122182,-0.0460962,-0.0336409,-0.34334
-0.324445,0.114539,-0.0686648,0.123707,-0.0541568,-0.0226892,-0.349824
-0.333991,0.11815,-0.0678606,0.126494,-0.0617913,-0.0167228,-0.357366
-0.345151,0.119335,-0.0699161,0.129308,-0.057271,-0.0182862,-0.354356
-0.339801,0.121288,-0.0710857,0.126256,-0.0501605,-0.0247642,-0.356464
-0.34373,0.116839,-0.0742602,0.134757,-0.0490045,-0.0303547,-0.361891
-0.342158,0.112793,-0.0702529,0.136328,-0.047206,-0.0246835,-0.371427
-0.348882,0.109222,-0.0665103,0.130379,-0.0436461,-0.0238464,-0.373359
-0.356707,0.108952,-0.0648949,0.138155,-0.0530531,-0.0174721,-0.371812
-0.354366,0.112327,-0.0675779,0.134398,-0.0528285,-0.0232846,-0.377306
-0.349986,0.11354,-0.0678412,0.130872,-0.0506422,-0.0317643,-0.382772
-0.350151,0.115473,-0.0622568,0.143715,-0.0478232,-0.0290966,-0.38634
-0.350981,0.11762,-0.0640299,0.144936,-0.0489661,-0.0317079,-0.389505
-0.352561,0.121568,-0.0651441,0.137249,-0.04671,-0.0344472,-0.399743
-0.368261,0.118621,-0.0636153,0.136939,-0.0471996,-0.0276896,-0.398024
-0.370987,0.110287,-0.0686284,0.140836,-0.0559889,-0.0257945,-0.408357
-0.378854,0.11142,-0.0678666,0.140582,-0.0542915,-0.0247577,-0.418705
-0.382725,0.113962,-0.0656293,0.138567,-0.0503049,-0.0231993,-0.420899
-0.394547,0.11707,-0.0615085,0.144073,-0.051202,-0.0196014,-0.42782
-0.393597,0.127188,-0.0668649,0.145623,-0.0527669,-0.0179529,-0.440343
-0.396724,0.134771,-0.070061,0.147644,-0.0526254,-0.0206739,-0.44756
-0.395651,0.138831,-0.0748152,0.151423,-0.0559667,-0.022696,-0.445579
-0.39769,0.138353,-0.0731747,0.153614,-0.0511236,-0.0227234,-0.441049
-0.400904,0.135892,-0.0723011,0.152409,-0.0512954,-0.0207812,-0.447233
-0.413902,0.13565,-0.0753499,0.152236,-0.0538294,-0.0251995,-0.453582
-0.413808,0.139704,-0.0758097,0.152384,-0.0503051,-0.0232077,-0.452287
-0.426467,0.14353,-0.0735645,0.153979,-0.0455226,-0.0201164,-0.450908
-0.426673,0.151556,-0.0656539,0.158266,-0.0461493,-0.0215822,-0.448968
-0.434337,0.152923,-0.066011,0.162912,-0.048472,-0.02418,-0.449726
-0.432637,0.155497,-0.0684827,0.167111,-0.0479395,-0.022251,-0.453915
-0.435732,0.156525,-0.0704762,0.165171,-0.0513007,-0.0238945,-0.460998
-0.438745,0.153264,-0.0718147,0.165671,-0.049921,-0.0205523,-0.459464
-0.447555,0.151182,-0.0693096,0.168911,-0.0498075,-0.0205261,-0.462537
-0.454127,0.150155,-0.0695599,0.166337,-0.0499512,-0.027025,-0.468232
-0.457566,0.148161,-0.0712911,0.165896,-0.0469587,-0.0279851,-0.467572
-0.458591,0.146476,-0.072862,0.168604,-0.0460048,-0.0248467,-0.476579
-0.461457,0.147154,-0.0747465,0.170281,-0.0451665,-0.023404,-0.474233
-0.482027,0.148226,-0.0731366,0.175559,-0.0484789,-0.0260983,-0.490821
-0.479914,0.14507,-0.0715504,0.176606,-0.0516856,-0.0284538,-0.486877
-0.477251,0.144149,-0.0697791,0.17721,-0.0512611,-0.0291606,-0.492455
-0.486496,0.144107,-0.0698489,0.173471,-0.049162,-0.0317892,-0.495246
-0.484491,0.143695,-0.0655181,0.179022,-0.0507597,-0.0308449,-0.500171
-0.493722,0.143065,-0.0631185,0.183108,-0.0479147,-0.0316375,-0.503158
-0.495255,0.146372,-0.0621372,0.183116,-0.0498058,-0.0308245,-0.509637
-0.490262,0.156605,-0.0600561,0.186502,-0.0512675,-0.0332304,-0.514013
-0.497214,0.157432,-0.059971,0.189922,-0.0545882,-0.0346615,-0.516907
-0.495212,0.160062,-0.0615336,0.191523,-0.0542229,-0.0317228,-0.518926
-0.500036,0.163971,-0.0608541,0.19095,-0.0543079,-0.0322977,-0.527613
-0.503429,0.166366,-0.0600932,0.190919,-0.0556742,-0.031588,-0.531243
-0.502578,0.167614,-0.0603672,0.189227,-0.0520153,-0.027535,-0.53051
-0.50912,0.168176,-0.062972,0.193957,-0.0519158,-0.0256479,-0.534942
-0.518217,0.168699,-0.0655547,0.198022,-0.0509927,-0.0297308,-0.533641
-0.520624,0.172244,-0.0641583,0.196238,-0.0508064,-0.0267117,-0.536561
-0.522673,0.172911,-0.0651837,0.19669,-0.0462541,-0.0286049,-0.538936
-0.524533,0.176944,-0.0656296,0.20112,-0.0489088,-0.025515,-0.545514
-0.53174,0.181675,-0.0644623,0.203822,-0.0527976,-0.0240329,-0.551746
-0.535589,0.186357,-0.0632263,0.208243,-0.0495871,-0.0225284,-0.558028
-0.536422,0.189874,-0.0606128,0.209068,-0.0509433,-0.021889,-0.562988
-0.526299,0.189678,-0.0622562,0.214746,-0.0491008,-0.020857,-0.565839
-0.530067,0.189521,-0.0621589,0.209197,-0.0460815,-0.0211932,-0.571671
-0.544658,0.188261,-0.0635662,0.215611,-0.0432342,-0.020671,-0.57812
-0.549165,0.193509,-0.0617131,0.217609,-0.0477621,-0.0232716,-0.582394
-0.550683,0.193029,-0.0584013,0.220232,-0.050394,-0.0259215,-0.591982
-0.550557,0.195393,-0.0597582,0.217859,-0.0513431,-0.0251952,-0.601689
-0.549588,0.194896,-0.0588073,0.218421,-0.0469292,-0.0280202,-0.607133
-0.549516,0.196583,-0.0589686,0.226174,-0.0495732,-0.0252038,-0.609257
-0.551755,0.196844,-0.0622268,0.223918,-0.0452898,-0.0242222,-0.616575
-0.554888,0.195623,-0.0634182,0.224261,-0.0466768,-0.0280251,-0.612967
-0.571718,0.199349,-0.0638564,0.230335,-0.0507183,-0.021949,-0.618443
-0.582203,0.200326,-0.0622213,0.229968,-0.0507428,-0.0281405,-0.619274
-0.576056,0.203516,-0.0593108,0.232886,-0.0521521,-0.0283628,-0.621577
-0.580529,0.204614,-0.0589435,0.238052,-0.0502412,-0.0296598,-0.626698
-0.584079,0.210521,-0.05985,0.237358,-0.0517847,-0.024999,-0.631836
-0.593172,0.210617,-0.059434,0.241314,-0.0524209,-0.0227835,-0.629084
-0.59564,0.210735,-0.0592014,0.248094,-0.0487959,-0.0262414,-0.6322
-0.593702,0.214228,-0.0614745,0.245115,-0.0458159,-0.0234423,-0.639148
-0.599908,0.215288,-0.0690837,0.244857,-0.0455193,-0.0256563,-0.637628
-0.617616,0.211699,-0.0693588,0.251563,-0.0434028,-0.0297957,-0.646369
-0.623208,0.21582,-0.0692418,0.253269,-0.0476038,-0.0274124,-0.649826
-0.631998,0.213099,-0.0692433,0.254877,-0.0486514,-0.0259983,-0.650368
-0.630646,0.217227,-0.0678493,0.258634,-0.0490854,-0.0258155,-0.657487
-0.640641,0.220119,-0.0706266,0.259934,-0.0504565,-0.0277516,-0.658743
-0.649766,0.222759,-0.0738078,0.259192,-0.0536013,-0.0244767,-0.666161
-0.64888,0.228566,-0.0741038,0.258363,-0.0551494,-0.0218805,-0.67224
-0.65316,0.228118,-0.0744929,0.264147,-0.0577902,-0.0198064,-0.676583
-0.659854,0.229006,-0.0721801,0.265583,-0.0587407,-0.0208537,-0.68435
-0.665797,0.229744,-0.0735302,0.266068,-0.0579679,-0.0213077,-0.693385
-0.670357,0.237594,-0.0715576,0.27193,-0.0582283,-0.0184247,-0.692849
-0.667929,0.239447,-0.067699,0.272421,-0.0567053,-0.0169224,-0.694171
-0.669435,0.239872,-0.0653132,0.269948,-0.0548971,-0.0218457,-0.702862
-0.66918,0.243188,-0.0674382,0.274206,-0.0536536,-0.0212562,-0.708855
-0.670665,0.245644,-0.0680957,0.275991,-0.0504615,-0.0200424,-0.710073
-0.675346,0.245699,-0.0679253,0.277588,-0.049801,-0.0215262,-0.714911
-0.675204,0.249643,-0.0664826,0.282481,-0.0441581,-0.0215075,-0.717074
-0.682392,0.24959,-0.0648936,0.280264,-0.0480031,-0.0204747,-0.716738
-0.681463,0.24937,-0.0685327,0.287769,-0.0450067,-0.019534,-0.719888
-0.681175,0.254835,-0.0682657,0.289113,-0.0435105,-0.0186058,-0.723494
-0.686166,0.259004,-0.064764,0.288603,-0.0439418,-0.0184452,-0.72986
-0.680963,0.259049,-0.0625879,0.293397,-0.0420302,-0.0208151,-0.728237
-0.684691,0.263047,-0.0623308,0.292355,-0.0412883,-0.0202612,-0.723758
-0.693803,0.264952,-0.0633945,0.293541,-0.0410042,-0.0200232,-0.729512
-0.697847,0.266993,-0.0584799,0.297993,-0.0447848,-0.0256964,-0.725007
-0.69544,0.273252,-0.0622523,0.299697,-0.049458,-0.0277995,-0.726647
-0.711337,0.277507,-0.060492,0.297519,-0.051921,-0.0242721,-0.725367
-0.70238,0.277811,-0.0607815,0.298561,-0.0487319,-0.026918,-0.72455
-0.699326,0.277418,-0.0595915,0.297072,-0.0460036,-0.0242765,-0.720897
-0.702618,0.279136,-0.0605332,0.300808,-0.0398285,-0.0254152,-0.73335
-0.705884,0.281587,-0.0556166,0.298568,-0.0426679,-0.0238978,-0.736508
-0.712955,0.282799,-0.0545214,0.304118,-0.0471107,-0.0210555,-0.733591
-0.71998,0.288016,-0.053447,0.305664,-0.043057,-0.0215841,-0.742114
-0.727062,0.280055,-0.0546167,0.304542,-0.0464033,-0.0208185,-0.745686
-0.724019,0.289572,-0.0592165,0.305451,-0.0439332,-0.0206244,-0.754719
-0.728051,0.291025,-0.0582424,0.307366,-0.0396509,-0.0232542,-0.753318
-0.730695,0.294121,-0.0592103,0.311706,-0.0403321,-0.0262515,-0.757899
-0.732976,0.296265,-0.0619796,0.313582,-0.0440121,-0.024679,-0.773498
-0.738585,0.296545,-0.0599951,0.31013,-0.0448231,-0.0277418,-0.779473
-0.762043,0.301556,-0.0621595,0.312414,-0.05094,-0.0234333,-0.78211
-0.765541,0.303156,-0.0643062,0.316154,-0.05104,-0.0280646,-0.790509
-0.769515,0.306069,-0.0620451,0.316128,-0.0490792,-0.0316585,-0.798331
-0.775682,0.316023,-0.0621807,0.322207,-0.0511095,-0.0288809,-0.797731
-0.780888,0.317411,-0.0623598,0.317126,-0.0480201,-0.0269678,-0.802645
-0.805609,0.319788,-0.0648205,0.318847,-0.0528376,-0.0294982,-0.820768
-0.809743,0.320534,-0.063599,0.321962,-0.0542214,-0.0318302,-0.822179
-0.807585,0.312641,-0.0621861,0.320223,-0.055846,-0.0284435,-0.817716
-0.811049,0.317335,-0.0627099,0.325616,-0.0518344,-0.0298752,-0.822612
-0.816184,0.320557,-0.0604827,0.32311,-0.0514352,-0.0279893,-0.818766
-0.820307,0.322941,-0.0614738,0.33214,-0.0515227,-0.0305427,-0.824074
-0.826872,0.326408,-0.0630322,0.335229,-0.0513586,-0.0271616,-0.828556
-0.830497,0.321498,-0.0677357,0.333349,-0.0516387,-0.0243532,-0.82553
-0.835772,0.33137,-0.0663814,0.340215,-0.0501719,-0.0267015,-0.833423
-0.835234,0.333068,-0.062867,0.336144,-0.0458386,-0.0255766,-0.836835
-0.841698,0.333888,-0.0632219,0.343795,-0.0424486,-0.0191845,-0.839824
-0.842402,0.337918,-0.0642427,0.338477,-0.0405232,-0.0197657,-0.842024
-0.842542,0.338529,-0.0629381,0.340716,-0.0408296,-0.0189844,-0.848606
-0.855929,0.34494,-0.0598826,0.347064,-0.0423839,-0.0196397,-0.871459
-0.849432,0.343288,-0.0588174,0.344524,-0.0466227,-0.0196588,-0.867491
-0.843133,0.349639,-0.0559413,0.351815,-0.0460295,-0.0244085,-0.87296
-0.836354,0.349238,-0.0538416,0.350517,-0.0469756,-0.0220408,-0.868489
-0.838371,0.351204,-0.0505523,0.356051,-0.0446917,-0.0195882,-0.882847
-0.851749,0.355808,-0.0490347,0.358199,-0.0430711,-0.019241,-0.890706
-0.846286,0.355289,-0.0482132,0.362228,-0.0411741,-0.0187623,-0.891097
-0.844197,0.348826,-0.0461176,0.35813,-0.0366613,-0.0183638,-0.893814
-0.843419,0.349839,-0.0495951,0.360632,-0.03533,-0.0185539,-0.891633
-0.845069,0.358573,-0.0524227,0.367193,-0.0387238,-0.0180769,-0.892644
-0.848277,0.358228,-0.0536916,0.373911,-0.0386024,-0.0176239,-0.889011
-0.844844,0.367019,-0.0553837,0.381984,-0.0372246,-0.0162863,-0.886518
-0.843678,0.372941,-0.057809,0.380996,-0.0354616,-0.0176435,-0.889542
-0.849909,0.377482,-0.0609319,0.38667,-0.0318534,-0.0190866,-0.891959
-0.856548,0.376478,-0.058188,0.381422,-0.0287971,-0.0187153,-0.886326
-0.860095,0.379146,-0.0617022,0.389565,-0.0282162,-0.0145521,-0.890162
-0.867631,0.379106,-0.0614573,0.389968,-0.0286502,-0.0164842,-0.893179
-0.873558,0.378862,-0.0613266,0.397279,-0.0326091,-0.0174679,-0.896745
-0.894797,0.378662,-0.0609399,0.400125,-0.0361444,-0.0181462,-0.89212
-0.892775,0.378977,-0.0610551,0.408239,-0.0381679,-0.0132647,-0.891776
-0.890012,0.380514,-0.0596199,0.407725,-0.0429745,-0.00942188,-0.896234
-0.891664,0.383077,-0.0580316,0.415549,-0.0466431,-0.00585064,-0.898074
-0.888038,0.389858,-0.0617306,0.411208,-0.042578,-0.0075385,-0.900393
-0.906538,0.389756,-0.0609071,0.421846,-0.0464369,-0.0050994,-0.907098
-0.907613,0.396822,-0.0632663,0.41753,-0.0452486,-0.00547246,-0.913992
-0.91129,0.387493,-0.0658791,0.423812,-0.0449566,-0.00461803,-0.916857
-0.91846,0.397951,-0.0695565,0.422158,-0.041785,-0.00832942,-0.922702
-0.922121,0.40024,-0.0659905,0.422921,-0.0390098,-0.00992046,-0.928913
-0.91658,0.405311,-0.0667608,0.426432,-0.0382541,-0.012428,-0.934201
-0.911571,0.404148,-0.0652614,0.433071,-0.0401675,-0.00886075,-0.941072
-0.907177,0.408151,-0.0606878,0.433039,-0.0403495,-0.0118646,-0.936118
-0.919402,0.408213,-0.0566195,0.43553,-0.0367449,-0.0140844,-0.942837
-0.91755,0.408271,-0.0550979,0.433017,-0.0389039,-0.0144786,-0.941125
-0.922519,0.407603,-0.04847,0.435638,-0.0407277,-0.0146072,-0.942957
-0.926921,0.410591,-0.0450314,0.444902,-0.0363809,-0.00936251,-0.954233
-0.915349,0.414077,-0.0448023,0.445191,-0.0406206,-0.00529875,-0.955891
-0.934923,0.420176,-0.044105,0.452798,-0.0379116,-0.00352891,-0.968084
-0.929894,0.422336,-0.0425697,0.453461,-0.0293688,-0.00413011,-0.967068
-0.931197,0.426606,-0.0468056,0.457738,-0.0278162,-0.00415435,-0.968913
-0.934604,0.43303,-0.0488179,0.456841,-0.0286287,-0.00698613,-0.974329
-0.946913,0.4372,-0.0511602,0.455736,-0.0305442,-0.00918283,-0.978241
-0.94887,0.44546,-0.0525752,0.450442,-0.025211,-0.0143504,-0.983822
-0.952577,0.442977,-0.0522896,0.454125,-0.0294527,-0.0132616,-0.982205
-0.951762,0.43625,-0.0538273,0.465074,-0.0335653,-0.0163014,-0.985063
-0.948184,0.442048,-0.0509596,0.45825,-0.032727,-0.01577,-0.99429
-0.956331,0.448572,-0.0507229,0.459696,-0.0347317,-0.0114018,-0.996135
-0.965649,0.450308,-0.0490806,0.469384,-0.0381156,-0.0091916,-1.01127
-0.969917,0.456147,-0.0424973,0.464403,-0.0403595,-0.011896,-1.01875
-0.964949,0.459626,-0.0448179,0.469104,-0.0467475,-0.0132604,-1.02056
-0.965334,0.461949,-0.0465385,0.46151,-0.0448202,-0.01419,-1.02368
-0.973457,0.466805,-0.0479046,0.469579,-0.045998,-0.0133505,-1.02776
-0.988593,0.467222,-0.0499007,0.466582,-0.0421074,-0.0146135,-1.02633
-0.991373,0.47432,-0.053076,0.463662,-0.04014,-0.0174265,-1.0308
-0.988098,0.474637,-0.0568142,0.470716,-0.0310577,-0.0132749,-1.03024
-1.01279,0.479528,-0.0602894,0.472271,-0.0305065,-0.0108388,-1.0444
-1.01844,0.488543,-0.0617384,0.478997,-0.029113,-0.00851413,-1.03533
-1.01447,0.479475,-0.0617189,0.478734,-0.0281699,-0.00649814,-1.02784
-1.00487,0.488767,-0.0581082,0.482589,-0.0333936,-0.004262,-1.02692
-0.999848,0.487755,-0.0553091,0.483601,-0.0322165,-0.00922741,-1.02828
-1.00334,0.49668,-0.0511897,0.481857,-0.0324681,-0.0117516,-1.02571
-1.00424,0.50196,-0.0437343,0.490414,-0.0325441,-0.0124065,-1.02813
-0.999991,0.498666,-0.0353657,0.485638,-0.0350261,-0.0123097,-1.02302
-0.994022,0.50766,-0.0365553,0.488901,-0.0344546,-0.0083936,-1.02628
-1.00505,0.510439,-0.0329559,0.493823,-0.0282594,-0.00623624,-1.02852
-1.01721,0.514845,-0.0335063,0.503327,-0.0234581,-0.00552797,-1.02857
-1.01818,0.524918,-0.0376068,0.506897,-0.0233783,-0.00445038,-1.04207
-1.01766,0.526191,-0.0457146,0.5111,-0.0234742,-0.00333727,-1.04324
-1.02894,0.530205,-0.0512973,0.510203,-0.0192285,-0.00297732,-1.04827
-1.03522,0.537929,-0.0562002,0.518879,-0.0174046,-0.00341391,-1.05074
-1.03375,0.53214,-0.0617999,0.518985,-0.018437,-0.00338161,-1.05717
-1.03479,0.535341,-0.0603955,0.518798,-0.0211541,-0.00264286,-1.06048
-1.03979,0.543942,-0.0608377,0.523417,-0.00967853,-0.0113102,-0.997803
-1.06158,0.536814,-0.060694,0.528118,0.0059024,-0.0499432,-1.10189
-1.05449,0.543071,-0.0509537,0.532871,0.0175243,-0.0341484,-1.11755
-1.0494,0.538909,-0.0594581,0.529788,-0.0437379,-0.000498853,-1.09469
-1.04457,0.528901,-0.0471769,0.520489,-0.0371728,-0.0028548,-1.05254
-1.05449,0.532921,-0.0399889,0.54102,-0.0248909,-0.0214669,-1.07441
-1.06759,0.545017,-0.0351292,0.560759,-0.0423716,-0.0118433,-1.08218
-1.06053,0.548941,-0.0401425,0.546204,-0.0256634,0.0217943,-1.12331
-1.04748,0.554613,-0.0441286,0.553939,-0.0568662,0.0537002,-1.10456
-1.06097,0.555104,-0.0428241,0.560966,-0.0381638,0.0277141,-1.09421
-1.07204,0.550109,-0.0429801,0.557485,-0.0177815,-0.0398106,-1.09525
-1.06184,0.554773,-0.0459683,0.57032,-0.028944,-0.0417615,-1.11791
-1.04774,0.559643,-0.05137,0.572142,-0.0362726,-0.0131466,-1.12606
-1.03739,0.567609,-0.0472851,0.577344,-0.0348006,-0.00292368,-1.12584
-1.05168,0.573237,-0.0413105,0.584028,-0.0338948,-0.0155655,-1.09574
-1.063,0.583688,-0.0288696,0.583783,-0.0150634,-0.0262181,-1.11568
-1.05369,0.58045,-0.0409403,0.591977,-0.0232132,-0.00965025,-1.11442
-1.04883,0.583381,-0.0407941,0.594217,-0.045861,0.0270308,-1.10847
-1.05914,0.587445,-0.0333711,0.58588,-0.0314382,0.0293051,-1.13325
-1.08176,0.596499,-0.0297607,0.584319,-0.0149368,0.011835,-1.15688
-1.08118,0.603204,-0.0347478,0.601533,-0.0157219,0.00191646,-1.14864
-1.07483,0.590233,-0.0373649,0.595493,-0.0177633,0.007538,-1.14513
-1.08155,0.59778,-0.0488675,0.592983,-0.0207294,0.00897462,-1.14426
-1.08646,0.601502,-0.0389086,0.587011,-0.0140474,-0.000345244,-1.14541
-1.09021,0.607364,-0.0375009,0.608617,-0.0113967,-0.0152313,-1.13453
-1.08604,0.610618,-0.0476099,0.60516,-0.0246632,-0.0195529,-1.11726
-1.08312,0.597521,-0.045495,0.596326,-0.028024,-0.0191646,-1.1252
-1.09819,0.605876,-0.0413193,0.595449,-0.0297141,-0.0156977,-1.13045
-1.1105,0.61375,-0.037462,0.596553,-0.0335433,-0.00710358,-1.13352
-1.10761,0.612991,-0.0377816,0.59567,-0.0299906,0.00167644,-1.12808
-1.11963,0.620136,-0.0373921,0.591053,-0.0318527,0.0120142,-1.1266
-1.11878,0.626722,-0.0422692,0.592823,-0.0229508,0.00745833,-1.13821
-1.14452,0.638396,-0.0448154,0.603074,-0.0197302,0.00312626,-1.17475
-1.15124,0.637586,-0.0476575,0.610845,-0.0209269,0.00437876,-1.16391
-1.13689,0.630028,-0.0501944,0.60777,-0.017402,0.00176638,-1.15848
-1.13364,0.640106,-0.0495803,0.609242,-0.0177398,-0.00460373,-1.15667
-1.1206,0.651431,-0.0474541,0.622658,-0.0196707,-0.00716778,-1.16005
-1.10927,0.660815,-0.0453485,0.62797,-0.0238509,-0.00620794,-1.18775
-1.12251,0.661797,-0.0380966,0.624356,-0.0323867,-0.00215045,-1.17409
-1.12277,0.654834,-0.0310176,0.62129,-0.0282004,-0.00287558,-1.16775
-1.12217,0.665273,-0.0275111,0.629567,-0.0215876,-0.00509236,-1.17047
-1.12889,0.671993,-0.0288716,0.639205,-0.0201896,0.00173433,-1.16866
-1.13454,0.686243,-0.0277812,0.656919,-0.0179091,0.00940276,-1.17596
-1.15114,0.689363,-0.0346882,0.653579,-0.0117302,0.011689,-1.17907
-1.15432,0.689883,-0.0360048,0.651718,-0.00621021,0.00898157,-1.1873
-1.16273,0.691204,-0.043929,0.658512,-0.00825873,0.0106186,-1.19341
-1.15602,0.687401,-0.0524618,0.672627,-0.0157336,0.0141327,-1.19559
-1.15731,0.678434,-0.0519314,0.680598,-0.014287,0.0124956,-1.20819
-1.15864,0.687633,-0.0463675,0.677991,-0.0152977,0.00537907,-1.22308
-1.14652,0.701302,-0.0456606,0.680612,-0.0167577,0.00108435,-1.22392
-1.1683,0.70217,-0.0441378,0.674512,-0.021368,0.00509969,-1.22466
-1.16276,0.695656,-0.0357258,0.674371,-0.0314278,0.0128912,-1.22492
-1.18652,0.680565,-0.0300507,0.686363,-0.0331357,0.016273,-1.22623
-1.18695,0.685328,-0.0340741,0.700256,-0.0300927,0.0201211,-1.23
-1.18201,0.69374,-0.0362571,0.711036,-0.0217364,0.0270666,-1.22226
-1.18335,0.703323,-0.037613,0.710201,-0.0138162,0.0272447,-1.21513
-1.18506,0.713195,-0.041214,0.711883,-0.010338,0.0304103,-1.21624
-1.17378,0.705713,-0.0467009,0.711011,-0.00651555,0.0280247,-1.20794
-1.16048,0.717778,-0.0440178,0.712664,-0.00920696,0.0290357,-1.20085
-1.15638,0.730502,-0.0413812,0.720274,-0.0164395,0.0210057,-1.19413
-1.14911,0.739964,-0.0333453,0.736113,-0.0177188,0.0116689,-1.19641
-1.15826,0.745091,-0.0286436,0.739294,-0.0154847,0.00871176,-1.19425
-1.15621,0.747393,-0.0253753,0.741571,-0.0242279,0.0140128,-1.1916
-1.19526,0.750009,-0.0220351,0.73618,-0.020365,0.0132186,-1.19447
-1.19475,0.75114,-0.0213387,0.730381,-0.0155871,0.0140884,-1.19586
-1.20504,0.739929,-0.017553,0.726634,-0.0042783,0.00830321,-1.20618
-1.20323,0.754253,-0.023529,0.721795,0.00038476,0.0141206,-1.21113
-1.20618,0.762478,-0.0336653,0.717864,0.000488656,0.0134785,-1.20761
-1.22706,0.76976,-0.0387402,0.718807,0.00012689,0.0128579,-1.23114
-1.21348,0.770317,-0.0391608,0.717911,-0.00236186,0.00547338,-1.22523
-1.20625,0.751326,-0.0413392,0.719728,-0.00847873,0.00151149,-1.22335
-1.19346,0.757966,-0.0424692,0.727986,-0.0129075,0.00212241,-1.22557
-1.19388,0.764469,-0.0414625,0.741869,-0.0218348,0.000783861,-1.22849
-1.19043,0.769446,-0.0393134,0.749407,-0.0248345,-0.000552611,-1.23792
-1.20575,0.775032,-0.0364776,0.75404,-0.0284508,0.00598681,-1.24749
-1.2043,0.765633,-0.0351993,0.75957,-0.0212305,0.0128405,-1.25121
-1.22883,0.771292,-0.036392,0.767566,-0.0177827,0.0154196,-1.25523
-1.23185,0.78446,-0.0330679,0.763458,-0.00430971,0.0192476,-1.25253
-1.23523,0.778688,-0.0353653,0.775565,0.00120072,0.0252872,-1.26992
-1.22653,0.787926,-0.0374967,0.769488,0.000880405,0.0267466,-1.2722
-1.21402,0.802501,-0.0382497,0.77057,-0.00259985,0.0226922,-1.27107
-1.19606,0.795014,-0.0372558,0.768765,-0.00604762,0.0107259,-1.26544
-1.20005,0.79592,-0.0336034,0.773574,-0.0101328,0.00878333,-1.26641
-1.18789,0.796968,-0.0269362,0.776593,-0.0125432,0.00610195,-1.25827
-1.19299,0.806236,-0.0248923,0.783732,-0.0135419,0.00766387,-1.26633
-1.20193,0.814091,-0.0203616,0.782211,-0.0170624,0.00964699,-1.25938
-1.24,0.811551,-0.0235239,0.786209,-0.0126916,0.0154958,-1.26043
-1.24159,0.81935,-0.02743,0.789576,-0.00474838,0.0243076,-1.2594
-1.2508,0.8266,-0.0304514,0.797707,0.000432738,0.028084,-1.26103
-1.25044,0.829735,-0.0348602,0.803968,0.00501326,0.0321471,-1.26219
-1.25374,0.827173,-0.0390014,0.811481,0.00343557,0.0339085,-1.26212
-1.24942,0.829616,-0.032482,0.817767,0.000147906,0.0346318,-1.26222
-1.23765,0.835492,-0.0298628,0.820139,-0.00611132,0.0279754,-1.2658
-1.22937,0.837043,-0.0306853,0.822338,-0.0134958,0.0253998,-1.27177
-1.22337,0.83782,-0.0258318,0.823341,-0.0157158,0.0216748,-1.27324
-1.23897,0.844463,-0.0249189,0.822662,-0.0169488,0.0171388,-1.26989
-1.24489,0.842768,-0.0272988,0.847607,-0.0189204,0.016528,-1.27278
-1.25643,0.83951,-0.0284241,0.846646,-0.0153798,0.0192959,-1.27404
-1.25474,0.862081,-0.0283145,0.849714,-0.00441391,0.0229532,-1.27699
-1.26022,0.865546,-0.0312445,0.851504,0.000516288,0.0215688,-1.27117
-1.25649,0.872281,-0.0316655,0.855428,0.00455521,0.0246324,-1.27383
-1.25581,0.871395,-0.0279147,0.855083,0.00483873,0.0166568,-1.28065
-1.24683,0.871815,-0.0253811,0.858526,0.00080495,0.0134696,-1.27133
-1.23059,0.893942,-0.0199937,0.863605,-0.00373738,0.00953235,-1.27487
-1.2538,0.896313,-0.0192923,0.859596,-0.00623963,0.00134553,-1.30304
-1.24341,0.898019,-0.0150424,0.854702,-0.00435136,0.000964917,-1.2976
-1.25126,0.89379,-0.0148206,0.849802,-0.00412968,0.000780632,-1.29398
-1.24655,0.893438,-0.017447,0.849228,-0.0028609,0.00403971,-1.30102
-1.26597,0.909063,-0.015309,0.868926,0.0151971,0.0083738,-1.31003
-1.2766,0.926433,-0.0219375,0.865412,0.0185918,0.00909061,-1.32063
-1.27132,0.942074,-0.0258377,0.873376,0.0203667,0.0148982,-1.31796
-1.26732,0.923597,-0.0267946,0.881128,0.013349,0.0220922,-1.3155
-1.26536,0.916222,-0.0214766,0.896691,0.00514191,0.0191838,-1.31236
-1.25318,0.90703,-0.0184205,0.905354,-0.00185697,0.0156434,-1.31135
-1.26371,0.895924,-0.0157933,0.913769,-0.00732094,0.014503,-1.30585
-1.25736,0.917763,-0.0177761,0.909142,-0.0151573,0.014091,-1.30613
-1.29324,0.919135,-0.0233758,0.911824,-0.0179994,0.0138531,-1.31442
-1.2875,0.931378,-0.0261129,0.92102,-0.00879653,0.0154232,-1.31967
-1.28794,0.939135,-0.0267836,0.936498,-0.00185986,0.020155,-1.31052
-1.29701,0.947525,-0.0283256,0.953992,0.00394208,0.0274889,-1.31067
-1.29107,0.975513,-0.0246117,0.959512,0.00679429,0.0322115,-1.30268
-1.29248,0.977155,-0.0201701,0.954976,0.00698451,0.0323123,-1.30623
-1.27394,0.989295,-0.0191048,0.951495,0.00834736,0.0282769,-1.30454
-1.26662,0.983908,-0.0112633,0.946972,0.0114142,0.0185131,-1.30585
-1.26265,0.972879,-0.00332981,0.950913,0.00714139,0.0156818,-1.3035
-1.26878,0.963596,-0.00510504,0.956188,0.00129027,0.0103134,-1.31534
-1.27806,0.96103,-0.00721589,0.965091,0.000122155,0.0029382,-1.31092
-1.27703,0.96122,-0.00900324,0.952556,0.00230841,0.0013878,-1.3098
-1.29013,0.964426,-0.00519535,0.945428,0.00763421,0.000513902,-1.29969
-1.28371,0.962686,-0.0186003,0.950489,0.00676176,0.00136503,-1.30537
-1.28564,0.968257,-0.0313298,0.956572,0.00708929,0.00685636,-1.31044
-1.2956,0.963157,-0.0321613,0.953515,0.00425351,0.0162557,-1.32261
-1.29353,0.97101,-0.0306737,0.950917,-0.00492817,0.0176634,-1.32616
-1.28917,1.00155,-0.0268906,0.955385,-0.00513257,0.0143377,-1.33144
-1.31454,1.00736,-0.018099,0.96631,0.000491134,0.00701916,-1.33359
-1.30854,1.01824,-0.0134991,0.986828,0.00216851,0.00528588,-1.33452
-1.30762,1.02538,-0.0133987,0.98983,0.00364877,0.00174229,-1.3411
-1.31016,1.02981,-0.0124472,0.990894,0.0109349,0.00177505,-1.33978
-1.3402,1.01869,-0.0176171,1.00633,0.00911978,0.0113908,-1.34295
-1.32301,1.02762,-0.0183693,1.01538,0.00610684,0.012327,-1.34592
-1.3142,1.02461,-0.0117034,1.01779,0.00824525,0.0117314,-1.34781
-1.3001,1.01933,-0.0036696,1.01987,0.00797461,0.00748506,-1.33966
-1.29676,1.01521,0.00308017,1.03967,0.00755648,0.0133062,-1.33772
-1.29117,1.02463,0.00469161,1.06224,0.0128335,0.0113794,-1.34268
-1.2918,1.03213,0.00700023,1.06418,0.0145588,0.0119706,-1.35684
-1.29631,1.05861,0.00699117,1.07843,0.0162722,0.0124871,-1.35203
-1.29133,1.06054,0.00297037,1.07145,0.0208737,0.0153166,-1.34416
-1.30148,1.06868,-0.00311564,1.06032,0.0231833,0.0173944,-1.33608
-1.30963,1.05621,-0.0143208,1.06897,0.0228382,0.0154315,-1.33972
-1.30687,1.0438,-0.0198668,1.05652,0.0163941,0.0172697,-1.33788
-1.3103,1.07518,-0.0182835,1.0454,0.0123147,0.0182074,-1.32916
-1.32767,1.06493,-0.0133034,1.05349,0.0106145,0.00723977,-1.35538
-1.32115,1.06832,-0.00728035,1.0509,0.00594891,-0.0037556,-1.34263
-1.31148,1.07087,-0.0038412,1.04324,0.00353124,-0.00523582,-1.33853
-1.31066,1.07245,-0.00216246,1.05734,0.00335482,-0.00614997,-1.34474
-1.32119,1.09059,-0.000503325,1.05844,0.007322,-0.00954372,-1.3478
-1.31654,1.08868,-0.00568714,1.05132,0.0124362,-0.00235032,-1.35328
-1.32135,1.08932,-0.00908115,1.0634,0.0107529,0.00417187,-1.35287
-1.3191,1.09414,-0.0130591,1.06667,0.0108124,0.00633932,-1.34243
-1.31081,1.11644,-0.0184117,1.06772,0.0110346,0.0149814,-1.34348
-1.31471,1.12863,-0.0124331,1.08309,0.0126489,0.0102526,-1.35636
-1.30937,1.12157,-0.0094102,1.11495,0.014416,0.00372773,-1.34763
-1.3004,1.1155,-0.00374316,1.11646,0.0170564,-0.00147295,-1.34909
-1.29849,1.13111,0.000863921,1.12791,0.0166925,-0.00382339,-1.34625
-1.30389,1.13071,0.00590273,1.1313,0.0168454,-0.0003821,-1.35693
-1.31088,1.12588,0.00468217,1.12729,0.0205242,0.00259957,-1.35645
-1.3217,1.10893,-0.0013992,1.14012,0.0155088,0.00674751,-1.36473
-1.32593,1.1157,-0.00166453,1.14465,0.0251037,0.00578387,-1.37138
-1.32858,1.155,-0.00642385,1.16736,0.0299228,0.00782944,-1.37209
-1.35393,1.16986,-0.0119339,1.17023,0.0297945,0.00917463,-1.39613
-1.34555,1.17697,-0.0153521,1.17343,0.0237302,0.00954892,-1.38985
-1.34188,1.17308,-0.0114543,1.16937,0.018364,0.00931331,-1.38349
-1.32998,1.16901,-0.00897362,1.16243,0.016585,0.00429953,-1.35925
-1.32173,1.14873,-0.00495136,1.154,0.00979277,0.00213794,-1.35125
-1.33809,1.14571,0.000326049,1.14619,0.00574208,-0.0111164,-1.34656
-1.3346,1.14316,-0.00397222,1.15183,0.012775,-0.019103,-1.34426
-1.33127,1.14599,-0.00377453,1.15028,0.0253581,-0.0282282,-1.33602
-1.33774,1.15893,-0.00470676,1.16575,0.0301869,-0.0277531,-1.33358
-1.32601,1.16729,-0.00949035,1.15798,0.0337441,-0.0227609,-1.33321
-1.32468,1.17243,-0.0107433,1.19373,0.032461,-0.00998326,-1.33399
-1.32265,1.1594,-0.00613597,1.18027,0.0265561,-0.00464527,-1.33543
-1.31004,1.19299,0.00180632,1.18645,0.0195934,0.000954533,-1.33821
-1.30857,1.18709,0.00407251,1.18671,0.0175436,-0.00408895,-1.3395
-1.31086,1.20009,0.0189296,1.19763,0.0216985,-0.00807353,-1.34378
-1.30754,1.19189,0.0208648,1.20534,0.0239019,-0.014611,-1.34769
-1.32085,1.18997,0.01886,1.21314,0.0294444,-0.0151016,-1.35529
-1.35311,1.21424,0.00688455,1.23079,0.0367175,-0.00779598,-1.38145
-1.35452,1.21225,0.00196937,1.23028,0.035076,-0.00834868,-1.38209
-1.33496,1.21694,-0.00317163,1.25098,0.0327183,-0.00422771,-1.37613
-1.33404,1.21943,-0.000791328,1.25647,0.0224712,4.15756e-05,-1.37443
-1.32697,1.23824,0.00229761,1.27419,0.0195815,-0.000907751,-1.38002
-1.32355,1.23501,0.00552985,1.2861,0.0136167,-0.00324065,-1.37822
-1.33721,1.23843,0.00870359,1.27873,0.0110264,-0.00812605,-1.37561
-1.33578,1.22912,0.00601549,1.27259,0.0130076,-0.00972869,-1.37282
-1.33561,1.23039,0.00175729,1.25946,0.0210604,-0.0154254,-1.38294
-1.3415,1.23713,-0.0028847,1.26321,0.026717,-0.0196803,-1.38081
-1.34306,1.24344,-0.00183323,1.25369,0.0313262,-0.0236027,-1.38896
-1.34109,1.24318,-0.00523802,1.27018,0.0367793,-0.0273741,-1.37954
-1.33793,1.28505,-0.00409106,1.26442,0.0308755,-0.0262038,-1.37948
-1.32281,1.27613,0.00269307,1.2759,0.0280114,-0.029515,-1.37543
-1.31903,1.27749,0.00793881,1.28113,0.025464,-0.0361282,-1.36809
-1.31802,1.26632,0.0134382,1.27151,0.0251661,-0.0343245,-1.36529
-1.32472,1.26082,0.0167487,1.28426,0.0277277,-0.0290755,-1.36181
-1.33485,1.26413,0.0161085,1.28521,0.0265949,-0.0264784,-1.35416
-1.36331,1.26006,0.009799,1.29839,0.0332254,-0.0292216,-1.35718
-1.35479,1.26295,0.00562306,1.31724,0.0391988,-0.0345616,-1.35131
-1.35475,1.26137,0.0035687,1.31143,0.0440909,-0.0392697,-1.34013
-1.34502,1.26046,-0.0038615,1.33034,0.0420953,-0.0409924,-1.34398
-1.34004,1.2607,-0.00293981,1.3421,0.0365684,-0.0456981,-1.36182
-1.34173,1.2613,0.00309653,1.37563,0.0333181,-0.0413002,-1.36076
-1.33281,1.27912,0.00475463,1.38599,0.0250358,-0.0338347,-1.36252
-1.33059,1.28285,0.00732191,1.38689,0.0162632,-0.0288237,-1.3578
-1.34249,1.29069,0.0114705,1.37033,0.013807,-0.0280749,-1.36383
-1.33944,1.31165,0.00666654,1.35781,0.0155424,-0.027037,-1.36517
-1.3397,1.30621,0.00588995,1.35689,0.0174575,-0.0299112,-1.37084
-1.35384,1.3125,0.00850807,1.34553,0.0254598,-0.0330543,-1.36192
-1.3424,1.33818,0.00600522,1.34043,0.0346456,-0.0434473,-1.36345
-1.3593,1.34555,0.00806971,1.3649,0.0400057,-0.0519295,-1.36643
-1.34948,1.36418,0.0160493,1.37179,0.0396503,-0.0608714,-1.35889
-1.32846,1.35194,0.020721,1.36838,0.0390182,-0.0683503,-1.36024
-1.32406,1.34429,0.025825,1.38006,0.0332499,-0.0685338,-1.35591
-1.32883,1.38137,0.0281942,1.37784,0.0315188,-0.0646109,-1.35375
-1.32401,1.3622,0.0328578,1.37098,0.0343222,-0.0602554,-1.38824
-1.33186,1.34987,0.0260617,1.38909,0.0378131,-0.0537457,-1.38852
-1.33702,1.33111,0.00806678,1.41968,0.0428894,-0.0536488,-1.36988
-1.32741,1.3424,0.00459825,1.46138,0.0477023,-0.0623456,-1.36181
-1.32616,1.33231,0.0086299,1.47727,0.041209,-0.0679312,-1.3617
-1.325,1.34572,0.00628344,1.49227,0.0352544,-0.0630285,-1.3573
-1.31978,1.36583,0.0165719,1.48138,0.0316268,-0.0622589,-1.3715
-1.32894,1.37602,0.0199491,1.4502,0.0271048,-0.0612591,-1.36582
-1.3398,1.37487,0.0102602,1.43351,0.0210128,-0.0577406,-1.36582
-1.33605,1.37462,0.0085558,1.42133,0.0284293,-0.0560471,-1.35776
-1.3399,1.40657,0.00860715,1.43063,0.0328146,-0.0624634,-1.34908
-1.36508,1.40424,0.00814253,1.45002,0.0396477,-0.0741002,-1.34619
-1.35154,1.41971,0.00890691,1.45118,0.0472353,-0.0844178,-1.33823
-1.34718,1.43652,0.0107286,1.45792,0.0453272,-0.0925047,-1.33173
-1.33372,1.42393,0.0172674,1.46728,0.0406395,-0.0988441,-1.33627
-1.32025,1.44163,0.0192706,1.47603,0.0401448,-0.104653,-1.33876
-1.32684,1.43192,0.0259714,1.48912,0.0329874,-0.103124,-1.34648
-1.32826,1.42653,0.0308043,1.4826,0.0333095,-0.0986425,-1.35166
-1.32607,1.4089,0.0221769,1.48483,0.0384483,-0.0858753,-1.34775
-1.33048,1.39951,0.0180158,1.48386,0.0421228,-0.0827731,-1.35425
-1.33533,1.40068,0.0173946,1.4986,0.048166,-0.0856754,-1.35577
-1.33722,1.40892,0.00920813,1.55502,0.0579421,-0.0932245,-1.35665
-1.33022,1.40198,0.00123719,1.57144,0.0578849,-0.0950956,-1.36385
-1.3223,1.43906,0.00115684,1.58408,0.0550943,-0.0952265,-1.35259
-1.31972,1.45115,0.00829461,1.58996,0.0478996,-0.094544,-1.3605
-1.31661,1.47089,0.0116865,1.57593,0.0400985,-0.0965516,-1.36347
-1.31711,1.46646,0.0175066,1.56643,0.0285064,-0.09501,-1.35763
-1.32949,1.44913,0.0191105,1.55957,0.0244272,-0.102159,-1.36249
-1.32312,1.4726,0.0136128,1.55586,0.0291356,-0.109023,-1.3622
-1.35204,1.46853,0.016113,1.5633,0.0368272,-0.114476,-1.38863
-1.35291,1.47223,0.0190061,1.56825,0.048546,-0.117528,-1.3801
-1.33808,1.47084,0.0162754,1.57675,0.0506704,-0.116892,-1.36841
-1.33277,1.47573,0.0183272,1.58154,0.0516614,-0.120906,-1.35559
-1.3218,1.48032,0.0231041,1.5831,0.0488402,-0.129246,-1.35095
-1.30826,1.48202,0.0231481,1.61004,0.041644,-0.122177,-1.3474
-1.31001,1.48814,0.0308801,1.60567,0.040914,-0.122404,-1.3464
-1.3102,1.46758,0.0385917,1.59842,0.0394986,-0.124217,-1.33738
-1.31093,1.45441,0.0412622,1.60746,0.0409205,-0.120521,-1.33035
-1.31689,1.45868,0.0364533,1.60923,0.0488359,-0.126449,-1.3308
-1.3158,1.44933,0.0346033,1.64403,0.0509914,-0.12489,-1.32056
-1.32065,1.45386,0.0292678,1.6355,0.055777,-0.123989,-1.32109
-1.30738,1.51362,0.0202398,1.62537,0.0598095,-0.128707,-1.32518
-1.33152,1.53345,0.025109,1.60447,0.0563874,-0.132768,-1.3245
-1.32516,1.52306,0.0304688,1.5959,0.0480481,-0.136084,-1.32621
-1.31073,1.51392,0.0328802,1.58711,0.0445621,-0.145434,-1.32176
-1.31498,1.48603,0.0394219,1.574,0.0431477,-0.147335,-1.31547
-1.30382,1.50492,0.0461202,1.57501,0.0414985,-0.146598,-1.3125
-1.33581,1.48591,0.0519255,1.57664,0.0499478,-0.14726,-1.32267
-1.32303,1.47084,0.0518166,1.58921,0.0539868,-0.151246,-1.31479
-1.31538,1.4703,0.0529436,1.60727,0.0609339,-0.1577,-1.31005
-1.30969,1.47743,0.0525347,1.61447,0.0619885,-0.157327,-1.30153
-1.29858,1.49609,0.0448551,1.6142,0.0512581,-0.148041,-1.29223
-1.29822,1.49402,0.0483119,1.64972,0.0353379,-0.139129,-1.28875
-1.28333,1.47136,0.0555136,1.64045,0.0340233,-0.136177,-1.29239
-1.27759,1.45023,0.0605354,1.64635,0.0400924,-0.135636,-1.28202
-1.264,1.43551,0.0639387,1.64008,0.0452763,-0.131384,-1.26091
-1.26671,1.44549,0.0692778,1.62712,0.0527979,-0.130696,-1.25403
-1.27174,1.43637,0.0690928,1.65219,0.0616459,-0.130155,-1.2568
-1.26626,1.43707,0.0649745,1.63415,0.0624202,-0.135629,-1.26322
-1.26883,1.49361,0.0647602,1.62378,0.0611652,-0.143067,-1.26415
-1.26185,1.52257,0.0612692,1.6238,0.0646984,-0.145741,-1.26078
-1.26183,1.52819,0.0509505,1.61519,0.0651268,-0.151613,-1.25056
-1.25196,1.50652,0.044039,1.61461,0.0598703,-0.154557,-1.25021
-1.25375,1.4691,0.0476011,1.61315,0.0621899,-0.152566,-1.2378
-1.24156,1.48021,0.0513683,1.60135,0.0585389,-0.150392,-1.23587
-1.25921,1.46689,0.0582362,1.60558,0.0526697,-0.146561,-1.2451
-1.25366,1.46192,0.0703209,1.61585,0.0592541,-0.151093,-1.23073
-1.24811,1.45728,0.0746114,1.62294,0.0604936,-0.160165,-1.22221
-1.23876,1.46388,0.0698841,1.63044,0.0616369,-0.169054,-1.21246
-1.22722,1.47546,0.0643269,1.63863,0.0607378,-0.174646,-1.19877
-1.23251,1.48674,0.0620536,1.67358,0.06585,-0.172201,-1.18778
-1.22581,1.46881,0.0558423,1.65995,0.0583933,-0.156262,-1.17853
-1.21175,1.46486,0.0467577,1.64412,0.051978,-0.152846,-1.17425
-1.20324,1.43418,0.0545307,1.6215,0.0444695,-0.157971,-1.18005
-1.19937,1.43914,0.0584265,1.60433,0.0489797,-0.162228,-1.17784
-1.19204,1.44199,0.0648706,1.59787,0.0518702,-0.179244,-1.17454
-1.18252,1.44242,0.0731645,1.60332,0.0639562,-0.200996,-1.17225
-1.18389,1.47987,0.0796569,1.6042,0.0730237,-0.208708,-1.1684
-1.19469,1.4864,0.0856936,1.60383,0.0777545,-0.212154,-1.16508
-1.19127,1.48089,0.0755475,1.59292,0.0737478,-0.20377,-1.1621
-1.17717,1.45659,0.0678078,1.59216,0.0651528,-0.188647,-1.15092
-1.18733,1.41752,0.0609206,1.57876,0.0615007,-0.179901,-1.14507
-1.18024,1.42387,0.0526581,1.56822,0.0599626,-0.171592,-1.13916
-1.19378,1.41794,0.058347,1.57458,0.0609113,-0.176649,-1.15249
-1.19286,1.42178,0.0673878,1.58929,0.0680606,-0.189197,-1.15028
-1.17654,1.42432,0.0731023,1.602,0.0707571,-0.201784,-1.14347
-1.16712,1.43277,0.074341,1.61526,0.0735792,-0.210122,-1.13816
-1.1565,1.4319,0.0785714,1.60061,0.0654726,-0.199282,-1.12391
-1.1569,1.42457,0.0736031,1.61836,0.0539635,-0.187256,-1.1269
-1.16137,1.3956,0.0666672,1.58538,0.036945,-0.177766,-1.12558
-1.14629,1.38057,0.0607012,1.55144,0.0333201,-0.176536,-1.12227
-1.15334,1.38452,0.0575153,1.54486,0.0365669,-0.183746,-1.09942
-1.15068,1.38999,0.0604464,1.54653,0.054256,-0.194275,-1.0951
-1.14593,1.39716,0.0603431,1.55563,0.0697112,-0.205255,-1.08633
-1.14498,1.40313,0.0644844,1.57573,0.0766396,-0.2131,-1.08363
-1.12433,1.43977,0.067533,1.58594,0.0766381,-0.225294,-1.07735
-1.14104,1.43709,0.0707551,1.59293,0.0675276,-0.220349,-1.06659
-1.1192,1.41651,0.0712573,1.59918,0.0534716,-0.210748,-1.06287
-1.10479,1.40942,0.0760509,1.59652,0.0442174,-0.204171,-1.05919
-1.10394,1.38276,0.0867693,1.60453,0.0357767,-0.200012,-1.05728
-1.09403,1.39956,0.0909764,1.61389,0.0394625,-0.200215,-1.04725
-1.11089,1.39174,0.0963864,1.63085,0.0487275,-0.207368,-1.04142
-1.11083,1.39022,0.0974155,1.64477,0.0653177,-0.215993,-1.03367
-1.09442,1.38618,0.0865947,1.65646,0.0705758,-0.221573,-1.02793
-1.0901,1.38797,0.0815794,1.64947,0.0710472,-0.212578,-1.02482
-1.09082,1.39145,0.0724129,1.6269,0.0624117,-0.204506,-1.01907
-1.07953,1.38038,0.0603571,1.64206,0.0460501,-0.198595,-1.01536
-1.07553,1.37567,0.0576868,1.60957,0.036386,-0.203493,-1.0204
-1.07208,1.37369,0.0607609,1.59957,0.0384859,-0.209025,-1.01324
-1.06339,1.36278,0.0656051,1.59213,0.0401996,-0.220017,-1.00916
-1.05486,1.35788,0.0728371,1.58142,0.0502953,-0.229296,-1.01132
-1.05119,1.36359,0.0806232,1.58349,0.0542519,-0.231184,-1.00355
-1.04941,1.34552,0.0848658,1.57663,0.0598477,-0.2329,-1.00476
-1.0397,1.37327,0.0821267,1.5702,0.0549786,-0.229561,-0.999823
-1.04661,1.37593,0.079027,1.57182,0.0490738,-0.232372,-0.99849
-1.04299,1.37905,0.0769451,1.56511,0.0472476,-0.232466,-0.998871
-1.0382,1.37179,0.0783775,1.57033,0.0410755,-0.227047,-0.992373
-1.02678,1.37238,0.0700791,1.57968,0.0401525,-0.223812,-0.988043
-1.02063,1.35692,0.0707887,1.58055,0.0426095,-0.227566,-0.987895
-1.01854,1.34065,0.0738872,1.59844,0.0445577,-0.227027,-0.98149
-1.00824,1.32435,0.0800889,1.6053,0.0509091,-0.230623,-0.981718
-0.993503,1.32052,0.0865156,1.59612,0.0521102,-0.23103,-0.969287
-0.984102,1.32111,0.0883058,1.59355,0.0442307,-0.232832,-0.962225
-0.978046,1.33822,0.0921545,1.58393,0.0367909,-0.228874,-0.962045
-0.976587,1.34686,0.0930245,1.61015,0.0352077,-0.234202,-0.955592
-0.972428,1.34258,0.0944479,1.60589,0.0380498,-0.23886,-0.962653
-0.963878,1.38463,0.0879641,1.59325,0.049166,-0.24612,-0.951137
-0.974617,1.35838,0.0840696,1.58886,0.053413,-0.245341,-0.94679
-0.967133,1.33785,0.0839765,1.57092,0.0589006,-0.244246,-0.946247
-0.978537,1.32479,0.0776045,1.55751,0.0534639,-0.243242,-0.946713
-0.978617,1.3067,0.0759143,1.55515,0.0524761,-0.239404,-0.941855
-0.971428,1.33052,0.0740404,1.5512,0.0512703,-0.243749,-0.939042
-0.979356,1.31783,0.0765537,1.56342,0.047822,-0.255592,-0.931418
-0.965529,1.30764,0.0768227,1.57138,0.0489732,-0.263994,-0.929721
-0.950592,1.32511,0.0732365,1.58382,0.0474146,-0.264492,-0.919591
-0.94754,1.31654,0.0715684,1.59557,0.0465495,-0.260718,-0.912563
-0.955868,1.33635,0.0753241,1.58406,0.0426761,-0.255887,-0.900085
-0.946715,1.31506,0.0732595,1.57692,0.0375734,-0.244584,-0.893244
-0.944312,1.28819,0.0700576,1.55836,0.0321266,-0.236127,-0.890665
-0.938562,1.28843,0.0756604,1.53609,0.0335911,-0.242913,-0.893637
-0.92784,1.28404,0.06867,1.52876,0.0381605,-0.25532,-0.891084
-0.92095,1.29925,0.0698266,1.51601,0.0476686,-0.274221,-0.883219
-0.919768,1.30596,0.0726375,1.54191,0.0570001,-0.287136,-0.872538
-0.924596,1.31135,0.0679075,1.5363,0.0565088,-0.287304,-0.865491
-0.918205,1.33955,0.0613167,1.53603,0.0538731,-0.285153,-0.86382
-0.934974,1.3145,0.0586958,1.54047,0.0432231,-0.277979,-0.858413
-0.928409,1.30288,0.0651262,1.54447,0.0348025,-0.268051,-0.851779
-0.914904,1.27325,0.0663177,1.55591,0.0314041,-0.263889,-0.85501
-0.903578,1.26308,0.0700196,1.54931,0.0328436,-0.261596,-0.848937
-0.883679,1.28411,0.0752964,1.54117,0.0294672,-0.256902,-0.848181
-0.892597,1.275,0.081614,1.54628,0.0330345,-0.2677,-0.851794
-0.883173,1.27368,0.0876091,1.54744,0.0346185,-0.276096,-0.849525
-0.87175,1.26046,0.0834477,1.55269,0.0374891,-0.276985,-0.851393
-0.869476,1.25731,0.0849985,1.55629,0.0415036,-0.27205,-0.84921
-0.871137,1.24988,0.0796206,1.54531,0.0431505,-0.258508,-0.848878
-0.86887,1.25619,0.0700629,1.5451,0.033212,-0.249139,-0.854593
-0.875303,1.24692,0.0730666,1.52577,0.0316116,-0.241492,-0.852507
-0.872056,1.25451,0.067755,1.51411,0.0338481,-0.236752,-0.845449
-0.872615,1.25418,0.0615702,1.51232,0.0337971,-0.243172,-0.843634
-0.866827,1.25408,0.0582119,1.49851,0.0401521,-0.257771,-0.837252
-0.861308,1.2552,0.0553671,1.52573,0.044798,-0.267739,-0.835518
-0.854874,1.24706,0.0618211,1.53284,0.0451775,-0.274949,-0.827487
-0.847075,1.26916,0.0587481,1.53001,0.0408022,-0.278237,-0.816936
-0.861785,1.25272,0.0574039,1.53803,0.0354332,-0.268954,-0.794839
-0.849576,1.24871,0.0591355,1.54944,0.0271652,-0.264035,-0.803491
-0.839252,1.23623,0.0654445,1.54685,0.0266407,-0.26322,-0.800153
-0.829824,1.24493,0.0676127,1.53291,0.027315,-0.258764,-0.807094
-0.824905,1.27096,0.0703906,1.52676,0.0237347,-0.254535,-0.804557
-0.841467,1.26719,0.0760472,1.52706,0.0290294,-0.255922,-0.810306
-0.832404,1.24739,0.0676138,1.53214,0.0302202,-0.257919,-0.798018
-0.814216,1.24052,0.0589959,1.53939,0.0346656,-0.255999,-0.795811
-0.809317,1.22304,0.0559822,1.54008,0.0391597,-0.261095,-0.78545
-0.810646,1.21316,0.0542779,1.52978,0.0396856,-0.257179,-0.77381
-0.804668,1.2049,0.0491849,1.54711,0.0355662,-0.261328,-0.77378
-0.803702,1.21243,0.0488082,1.51719,0.0361385,-0.267572,-0.774343
-0.79761,1.21813,0.0573583,1.49434,0.0394959,-0.269865,-0.76878
-0.788161,1.23889,0.0592411,1.4926,0.0410911,-0.273351,-0.767563
-0.78126,1.23844,0.0608569,1.49155,0.0409233,-0.278951,-0.761448
-0.778121,1.2405,0.0619473,1.53065,0.041806,-0.274631,-0.760161
-0.777001,1.21592,0.0658678,1.53304,0.0327778,-0.264892,-0.755434
-0.763566,1.2295,0.0618697,1.5116,0.0304803,-0.264722,-0.745187
-0.773982,1.20138,0.0639424,1.50639,0.0250568,-0.258116,-0.74117
-0.770852,1.20305,0.0703252,1.50293,0.029913,-0.274921,-0.734501
-0.76561,1.19889,0.0721136,1.50531,0.0382257,-0.286238,-0.728461
-0.764208,1.20007,0.070003,1.52787,0.0410433,-0.291978,-0.723535
-0.768175,1.23006,0.0743956,1.53184,0.0435278,-0.291743,-0.716785
-0.785655,1.22507,0.0731533,1.52412,0.0408678,-0.291329,-0.715011
-0.772273,1.21513,0.060824,1.51696,0.0281144,-0.276509,-0.711965
-0.760639,1.20652,0.0536702,1.4948,0.0225171,-0.268679,-0.710747
-0.758178,1.20134,0.0547061,1.47969,0.0235148,-0.259567,-0.706643
-0.752408,1.18874,0.0463366,1.46945,0.0247905,-0.258064,-0.712989
-0.75235,1.18422,0.0477063,1.49975,0.0263322,-0.267755,-0.711604
-0.745247,1.17525,0.0449717,1.48705,0.0340263,-0.283089,-0.707546
-0.742571,1.18163,0.0432297,1.4774,0.0402245,-0.298393,-0.69783
-0.743624,1.17854,0.0419067,1.47181,0.0430182,-0.306128,-0.698268
-0.74838,1.18221,0.0446352,1.47899,0.0393714,-0.306459,-0.68959
-0.748182,1.16599,0.0435107,1.48714,0.0322949,-0.296655,-0.688927
-0.735464,1.17024,0.0427184,1.47598,0.0179183,-0.285231,-0.695044
-0.727013,1.1909,0.0432761,1.46598,0.0160234,-0.27204,-0.695401
-0.736897,1.17804,0.0455992,1.46243,0.0180409,-0.272892,-0.696149
-0.730491,1.17068,0.0444537,1.46955,0.0186513,-0.268774,-0.693543
-0.723287,1.15467,0.0460829,1.47613,0.0247839,-0.274106,-0.690937
-0.725525,1.15126,0.0472702,1.47599,0.0293877,-0.282827,-0.685119
-0.724296,1.16411,0.0497467,1.47007,0.0323119,-0.300875,-0.679597
-0.739692,1.15849,0.047156,1.4748,0.0358364,-0.306913,-0.679547
-0.730985,1.14869,0.0462166,1.48424,0.0364455,-0.30783,-0.67659
-0.720182,1.13691,0.0468359,1.47483,0.0298643,-0.304809,-0.677501
-0.714246,1.14553,0.04718,1.45675,0.0191692,-0.295148,-0.680262
-0.712242,1.14627,0.0437459,1.42238,0.0125326,-0.289969,-0.68195
-0.710013,1.15372,0.0448313,1.42857,0.0125741,-0.2925,-0.678045
-0.707734,1.16412,0.045624,1.4373,0.00912696,-0.297935,-0.669786
-0.705756,1.15916,0.048425,1.43431,0.015321,-0.302594,-0.663481
-0.712775,1.16584,0.0505161,1.41491,0.0204992,-0.313263,-0.646308
-0.70233,1.15207,0.0493312,1.40826,0.0200262,-0.317394,-0.64407
-0.691786,1.13842,0.0488328,1.4261,0.019535,-0.316962,-0.641745
-0.686891,1.1176,0.0508561,1.42136,0.0218055,-0.32136,-0.644089
-0.676425,1.12178,0.0521235,1.40976,0.0248119,-0.320859,-0.645917
-0.688251,1.10617,0.0502802,1.41988,0.0246911,-0.318283,-0.642
-0.683871,1.10292,0.0501921,1.43375,0.0238416,-0.309281,-0.635412
-0.670881,1.10039,0.0531601,1.42839,0.017861,-0.305105,-0.633341
-0.660422,1.12472,0.0541134,1.42453,0.0155504,-0.298484,-0.62913
-0.653666,1.12677,0.0535995,1.43103,0.0166603,-0.305962,-0.620721
-0.657825,1.12567,0.0532734,1.46491,0.0170548,-0.303961,-0.617704
-0.656762,1.11197,0.0516254,1.45207,0.0142114,-0.294938,-0.613228
-0.651166,1.09653,0.0488277,1.42611,0.0147893,-0.288161,-0.616686
-0.649938,1.08732,0.0493553,1.40775,0.0171675,-0.285111,-0.618506
-0.645739,1.08249,0.0488373,1.40701,0.0185506,-0.288162,-0.621002
-0.646632,1.08309,0.0486819,1.41084,0.0243037,-0.298875,-0.613101
-0.640099,1.09326,0.049284,1.38871,0.0252378,-0.312547,-0.615659
-0.634572,1.12633,0.0475617,1.39252,0.0238616,-0.321955,-0.611234
-0.631694,1.11297,0.0423509,1.38809,0.0249032,-0.326078,-0.606953
-0.634896,1.11106,0.0396116,1.37663,0.0156119,-0.312555,-0.603775
-0.642202,1.09978,0.0338666,1.38017,0.00909695,-0.303586,-0.606464
-0.634276,1.07712,0.0297948,1.3771,0.00435082,-0.292922,-0.607021
-0.627099,1.10316,0.0279646,1.36238,0.00467542,-0.286692,-0.607413
-0.63991,1.09438,0.0305985,1.38043,0.00805087,-0.2833,-0.603362
-0.638289,1.0776,0.0343009,1.38402,0.0135436,-0.291301,-0.600354
-0.628495,1.0688,0.0342676,1.38597,0.0182417,-0.295536,-0.594328
-0.623718,1.06111,0.0365769,1.38475,0.0222516,-0.306284,-0.586381
-0.615436,1.05032,0.037119,1.39532,0.0185703,-0.309323,-0.576112
-0.611451,1.04977,0.0364449,1.39077,0.0160307,-0.305659,-0.577576
-0.606301,1.03867,0.0387709,1.392,0.0128991,-0.299461,-0.569968
-0.605478,1.03241,0.0361067,1.39278,0.0128655,-0.295687,-0.561149
-0.600052,1.0293,0.0338001,1.37738,0.00494495,-0.287754,-0.564611
-0.603505,1.04751,0.0345192,1.35619,0.00816195,-0.287278,-0.562214
-0.601797,1.0587,0.035764,1.37826,0.00620651,-0.284727,-0.562611
-0.596723,1.05368,0.0385278,1.36922,0.00610182,-0.28834,-0.557977
-0.598794,1.08877,0.0380837,1.33578,0.00581226,-0.302353,-0.553415
-0.598641,1.07763,0.0330835,1.34101,0.0138933,-0.309761,-0.547438
-0.588737,1.05964,0.0317167,1.33339,0.0184192,-0.316861,-0.542989
-0.584719,1.04853,0.032717,1.33048,0.0162951,-0.323336,-0.536394
-0.588516,1.03737,0.0327883,1.34176,0.0195532,-0.327999,-0.533953
-0.58053,1.05,0.0326093,1.33655,0.017793,-0.327189,-0.535892
-0.585849,1.03539,0.0334534,1.34022,0.0163865,-0.324906,-0.545566
-0.58103,1.02763,0.036836,1.34741,0.0110974,-0.315063,-0.542033
-0.575342,1.03109,0.0385285,1.33275,0.00884321,-0.304242,-0.544343
-0.566247,1.02953,0.0343413,1.34949,0.00332871,-0.297628,-0.540271
-0.560261,1.04847,0.0361568,1.34082,0.00148086,-0.301923,-0.53174
-0.557983,1.05049,0.0336771,1.34054,0.00646854,-0.302562,-0.529709
-0.553708,1.04746,0.0368976,1.35164,0.0150079,-0.306328,-0.528254
-0.552469,1.034,0.0384092,1.35341,0.0204084,-0.306024,-0.530278
-0.553919,1.01718,0.0416322,1.34579,0.0217162,-0.304973,-0.528803
-0.549297,1.00705,0.0443627,1.34278,0.0229086,-0.304271,-0.531072
-0.541428,1.00169,0.0459996,1.34987,0.0202786,-0.298482,-0.532161
-0.542707,0.991028,0.0460028,1.32765,0.0170161,-0.297202,-0.527616
-0.536707,1.00691,0.0450866,1.31493,0.0204524,-0.300816,-0.52586
-0.52963,1.00398,0.0440671,1.29666,0.0189086,-0.305015,-0.521792
-0.529399,1.01275,0.0424897,1.3049,0.0133091,-0.309612,-0.523007
-0.528636,1.01044,0.0466098,1.29952,0.0166617,-0.318482,-0.523051
-0.529747,1.00704,0.0403821,1.29683,0.012507,-0.317812,-0.51944
-0.52837,1.02937,0.0377327,1.29518,0.0136648,-0.323413,-0.510621
-0.540737,1.0201,0.0381469,1.28571,0.0165192,-0.319387,-0.524104
-0.538179,1.0084,0.0304359,1.29611,0.0189289,-0.313178,-0.524598
-0.533146,0.992876,0.0249221,1.28775,0.0186864,-0.310783,-0.519967
-0.532212,0.973022,0.0295601,1.29842,0.020315,-0.31346,-0.515496
-0.535289,0.964484,0.0296995,1.28779,0.0212163,-0.312522,-0.5103
-0.526922,0.967788,0.0297161,1.32036,0.0188057,-0.318125,-0.513054
-0.525951,0.966695,0.0307585,1.32124,0.0176157,-0.325542,-0.506978
-0.53024,0.958214,0.0276869,1.30294,0.0150177,-0.323507,-0.498685
-0.524854,0.954447,0.0275953,1.3104,0.0136285,-0.320546,-0.499383
-0.522795,0.942972,0.0268221,1.29336,0.0105,-0.310438,-0.493505
-0.519891,0.938994,0.0265214,1.2985,0.00569174,-0.297804,-0.484656
-0.514529,0.94642,0.026779,1.28916,0.00322022,-0.291848,-0.476622
-0.514178,0.971691,0.0254488,1.27184,0.00430162,-0.295536,-0.475443
-0.516401,0.977632,0.0289258,1.26703,0.00548415,-0.29645,-0.468942
-0.513573,0.980358,0.0298783,1.24035,0.00807677,-0.307044,-0.466717
-0.510685,0.972434,0.0317056,1.24483,0.0101242,-0.311457,-0.467259
-0.501595,0.969731,0.0358505,1.22557,0.0152066,-0.310925,-0.466746
-0.494475,0.981065,0.0392839,1.22766,0.0169781,-0.32173,-0.46238
-0.495539,0.960797,0.03917,1.2114,0.0149125,-0.321168,-0.467021
-0.491528,0.937454,0.033924,1.22604,0.01681,-0.321592,-0.46462
-0.49223,0.925832,0.0337756,1.21315,0.00970077,-0.31455,-0.466
-0.487123,0.912111,0.0317858,1.23191,0.011454,-0.313312,-0.466999
-0.48853,0.910733,0.0304599,1.22198,0.0115089,-0.313784,-0.464692
-0.477128,0.915785,0.028176,1.26379,0.0103823,-0.307497,-0.460494
-0.480419,0.92473,0.0309881,1.25205,0.0147184,-0.301052,-0.460462
-0.477571,0.948651,0.0281105,1.25687,0.0153438,-0.296207,-0.453141
-0.475764,0.945428,0.0293305,1.24419,0.0173438,-0.296361,-0.447605
-0.477924,0.936664,0.0331492,1.24467,0.0154919,-0.29276,-0.444689
-0.46813,0.92398,0.0286237,1.23549,0.0130371,-0.292061,-0.449236
-0.467079,0.913366,0.0292978,1.24058,0.00940785,-0.29468,-0.44103
-0.463302,0.921113,0.0295557,1.23358,0.00966602,-0.297991,-0.433859
-0.469592,0.910773,0.0338351,1.2412,0.00961692,-0.29493,-0.428219
-0.465412,0.903163,0.031434,1.22779,0.00613762,-0.294253,-0.429361
-0.460357,0.904973,0.0278345,1.22468,0.00684224,-0.289088,-0.424743
-0.459706,0.896501,0.0284452,1.20232,0.00560749,-0.289124,-0.421757
-0.455465,0.913429,0.0299129,1.20024,0.00565996,-0.292615,-0.419699
-0.46564,0.906833,0.0296361,1.18411,0.00357548,-0.297449,-0.428655
-0.458729,0.900199,0.0272003,1.18526,0.00472755,-0.298539,-0.425001
-0.454083,0.900258,0.0260531,1.16912,0.0128501,-0.298658,-0.427474
-0.447192,0.899718,0.0265177,1.17426,0.015523,-0.30491,-0.42465
-0.445146,0.894748,0.0272669,1.16731,0.0224695,-0.297903,-0.421589
-0.443869,0.898409,0.026577,1.18352,0.0220914,-0.299239,-0.420002
-0.437006,0.900105,0.0297594,1.18318,0.0197588,-0.293984,-0.420338
-0.43579,0.898007,0.0313065,1.17001,0.0165728,-0.29486,-0.419721
-0.43123,0.89054,0.0294652,1.17642,0.00946362,-0.293894,-0.419031
-0.429028,0.880791,0.0341242,1.16669,0.00846381,-0.29702,-0.412592
-0.42655,0.873533,0.0350383,1.17671,0.0092387,-0.293867,-0.407517
-0.429584,0.854851,0.0354288,1.16792,0.0100955,-0.289074,-0.409744
-0.425255,0.863811,0.0350928,1.16067,0.00477919,-0.291788,-0.400775
-0.432351,0.8537,0.03313,1.16624,0.00436762,-0.28958,-0.400262
-0.427758,0.844646,0.0309654,1.15943,0.00320448,-0.291919,-0.39799
-0.42866,0.844414,0.0333271,1.1687,0.00356809,-0.294898,-0.394644
-0.429081,0.842666,0.0316733,1.17409,0.00519884,-0.289873,-0.390326
-0.432717,0.85995,0.030334,1.17554,0.0137457,-0.29509,-0.391771
-0.426959,0.849491,0.0268698,1.19214,0.0115181,-0.290429,-0.382764
-0.423588,0.849774,0.0202136,1.17082,0.00923254,-0.283131,-0.380436
-0.417742,0.851873,0.023954,1.16301,0.0110288,-0.278202,-0.381631
-0.419793,0.846618,0.0263616,1.1349,0.00845083,-0.276317,-0.37951
-0.412863,0.845685,0.0285912,1.11868,0.0062152,-0.282267,-0.37688
-0.41496,0.837075,0.0272347,1.12455,0.00120892,-0.286322,-0.375947
-0.411403,0.828678,0.0278883,1.10029,0.00029198,-0.298291,-0.376022
-0.411351,0.820456,0.0276717,1.09968,-0.00178452,-0.302133,-0.377145
-0.408252,0.818127,0.0279222,1.09078,-0.00110579,-0.306113,-0.37253
-0.405641,0.808415,0.0253629,1.08509,0.00038536,-0.304241,-0.372219
-0.403707,0.802689,0.0235983,1.10068,0.00348937,-0.305292,-0.370499
-0.40139,0.797294,0.0237732,1.09506,0.00269913,-0.297741,-0.36825
-0.400092,0.817558,0.0161039,1.09059,0.00146025,-0.291534,-0.371786
-0.407992,0.817251,0.0175948,1.10403,0.00237216,-0.288313,-0.374502
-0.404981,0.815885,0.0205368,1.10662,0.00204552,-0.288017,-0.377167
-0.403415,0.81183,0.0219729,1.10588,0.00296635,-0.292471,-0.372054
-0.392198,0.807815,0.0210748,1.10922,0.00221318,-0.29399,-0.373372
-0.390662,0.81689,0.0189699,1.1029,0.00685467,-0.299069,-0.368059
-0.376738,0.784617,0.0277095,1.08886,0.00308422,-0.294608,-0.362016
-0.367471,0.775413,0.0257434,1.08484,0.00180595,-0.293798,-0.356461
-0.368673,0.763775,0.0254534,1.08888,0.00600123,-0.290667,-0.35153
-0.36481,0.761265,0.024734,1.105,0.00932542,-0.286054,-0.350594
-0.364409,0.757077,0.0272612,1.08868,0.0110565,-0.280884,-0.353161
-0.362002,0.776266,0.0250044,1.08201,0.0130159,-0.278434,-0.349821
-0.369472,0.773403,0.027738,1.07056,0.0107149,-0.276349,-0.347958
-0.367178,0.776292,0.0275509,1.05172,0.00997697,-0.272575,-0.346028
-0.367259,0.778723,0.0278758,1.0497,0.0137362,-0.269433,-0.344066
-0.360926,0.778995,0.0262442,1.04879,0.0158394,-0.276542,-0.343464
-0.357165,0.797957,0.0288056,1.03552,0.013339,-0.277695,-0.3412
-0.360729,0.7964,0.0282453,1.02693,0.0107654,-0.280624,-0.34118
-0.356733,0.785927,0.0272541,1.0313,0.00712333,-0.279033,-0.335049
-0.359604,0.781112,0.0271549,1.02528,0.00882138,-0.275637,-0.33715
-0.354891,0.782072,0.0253671,1.01607,0.00868745,-0.276745,-0.335027
-0.356464,0.772886,0.0275268,1.01235,0.0107425,-0.27699,-0.336096
-0.353992,0.759633,0.0266989,1.02231,0.00825403,-0.275861,-0.329781
-0.348806,0.747597,0.0254637,1.0211,0.0116632,-0.274006,-0.327345
-0.347212,0.731785,0.0240916,1.01457,0.0130467,-0.272601,-0.32532
-0.341387,0.722427,0.023197,1.01015,0.00960514,-0.276461,-0.325969
-0.342048,0.716369,0.0230895,1.0145,0.00858438,-0.274862,-0.323793
-0.339385,0.710293,0.0193478,1.04443,0.0106516,-0.270845,-0.320722
-0.341498,0.709555,0.0174454,1.03395,0.00753696,-0.266147,-0.32152
-0.338535,0.731656,0.0153631,1.02337,0.00435975,-0.267752,-0.329004
-0.341928,0.735297,0.015236,1.02531,0.00746432,-0.26803,-0.333212
-0.344028,0.742055,0.0168744,1.02724,0.00706092,-0.269102,-0.32915
-0.34135,0.733427,0.018659,1.02571,0.00680487,-0.260983,-0.327169
-0.340422,0.725358,0.0148892,1.0223,0.00584698,-0.25429,-0.323328
-0.335321,0.737431,0.0179601,1.01824,0.00333795,-0.257362,-0.320164
-0.33662,0.722362,0.0160012,1.01603,0.00222913,-0.258172,-0.320537
-0.335614,0.713918,0.0169499,1.0077,0.00460259,-0.261435,-0.314479
-0.327771,0.709113,0.015683,0.983937,0.00182957,-0.258073,-0.311149
-0.329663,0.709187,0.0172736,0.969242,0.000527952,-0.26384,-0.310234
-0.321382,0.712431,0.0158379,0.959351,0.00132512,-0.26539,-0.303217
-0.320952,0.7095,0.0220579,0.97774,0.00218972,-0.270936,-0.301542
-0.319322,0.705621,0.0235063,0.963448,0.00227,-0.273044,-0.296574
-0.316962,0.706392,0.0245645,0.940322,0.00163778,-0.268601,-0.293488
-0.316507,0.703634,0.0228234,0.924717,0.000303568,-0.265861,-0.291342
-0.314849,0.706755,0.023637,0.918218,-0.00037188,-0.261942,-0.290236
-0.312946,0.703773,0.0249459,0.919048,0.00024539,-0.258955,-0.287915
-0.317047,0.695906,0.0248117,0.926216,0.00216966,-0.258948,-0.286972
-0.309874,0.69547,0.0232965,0.93727,0.00673843,-0.258939,-0.28225
-0.307461,0.684188,0.0239018,0.947483,0.00686598,-0.260399,-0.279156
-0.307478,0.679331,0.0262562,0.947252,0.00640844,-0.261477,-0.273105
-0.300949,0.678191,0.0292004,0.938092,0.0105419,-0.257161,-0.270241
-0.295782,0.670584,0.0281411,0.930223,0.0051853,-0.256461,-0.272924
-0.293285,0.672177,0.0279992,0.920011,0.00059141,-0.259874,-0.272271
-0.298031,0.662061,0.0272402,0.916116,0.00172493,-0.254319,-0.271222
-0.300202,0.6533,0.026246,0.916538,-0.00018601,-0.254335,-0.268538
-0.293658,0.649471,0.0244071,0.929441,0.000349035,-0.252776,-0.271659
-0.288711,0.653967,0.0250943,0.928589,0.0023168,-0.250811,-0.270078
-0.293292,0.663949,0.0237739,0.928694,0.00465893,-0.248507,-0.269279
-0.290563,0.663959,0.024686,0.940429,0.0106384,-0.243823,-0.268028
-0.286513,0.659398,0.0247027,0.928345,0.0100429,-0.245449,-0.264724
-0.287239,0.655772,0.0242446,0.91531,0.00754347,-0.240963,-0.264917
-0.282515,0.650933,0.0235448,0.910849,0.00809906,-0.236385,-0.264122
-0.281967,0.634216,0.0216694,0.904375,0.00626015,-0.235823,-0.26438
-0.284552,0.624881,0.0219127,0.897565,0.0022335,-0.231946,-0.258934
-0.279821,0.618862,0.022216,0.900215,0.00183967,-0.235703,-0.254393
-0.272295,0.635528,0.0246726,0.893583,0.000811283,-0.236774,-0.257938
-0.282562,0.621398,0.0251116,0.892649,-0.00034696,-0.242511,-0.25466
-0.279507,0.615935,0.0236856,0.883412,-0.00160925,-0.251435,-0.257371
-0.27797,0.615687,0.0228154,0.870945,-0.00184349,-0.252455,-0.258577
-0.27653,0.619103,0.0223275,0.858855,-0.00114578,-0.252835,-0.255158
-0.273888,0.633216,0.0182812,0.845186,-0.000464082,-0.257408,-0.251868
-0.280596,0.628254,0.0189668,0.83491,0.00105985,-0.254892,-0.251224
-0.279841,0.624386,0.0158376,0.83029,0.00267445,-0.254078,-0.248882
-0.273398,0.623232,0.0152643,0.824476,0.00401335,-0.250546,-0.253827
-0.272198,0.612003,0.0152229,0.819021,0.00510281,-0.253281,-0.251477
-0.270712,0.608368,0.0167111,0.814257,0.00450175,-0.250004,-0.251051
-0.270512,0.603874,0.0154471,0.829538,0.00257147,-0.248891,-0.244628
-0.265384,0.600076,0.0166903,0.825504,0.00443729,-0.246695,-0.245632
-0.267098,0.584441,0.0144633,0.820088,0.00675224,-0.245394,-0.245915
-0.261081,0.575347,0.0175947,0.811909,0.00322542,-0.245382,-0.245346
-0.258125,0.579095,0.0193479,0.80668,0.00114236,-0.241725,-0.244171
-0.257109,0.57044,0.0169231,0.80432,0.000302332,-0.23668,-0.240147
-0.258776,0.567106,0.0190467,0.808135,5.20978e-05,-0.233397,-0.236876
-0.253687,0.583547,0.0173868,0.803924,0.00133832,-0.231475,-0.234645
-0.255644,0.57885,0.01382,0.800626,0.00170036,-0.233137,-0.23263
-0.259218,0.575996,0.0112357,0.798704,0.00149384,-0.230307,-0.23058
-0.255618,0.583667,0.0143183,0.806185,0.0023766,-0.225212,-0.230525
-0.25397,0.574807,0.0149888,0.802442,0.00494266,-0.224769,-0.230268
-0.249936,0.577971,0.0124428,0.798458,0.0027027,-0.218582,-0.228792
-0.245334,0.571288,0.0112771,0.794225,0.0022815,-0.216184,-0.228183
-0.243763,0.566825,0.0135323,0.799911,0.00155017,-0.214133,-0.228844
-0.243846,0.551857,0.0173384,0.805651,-6.3656e-05,-0.212262,-0.227108
-0.244248,0.550009,0.0166765,0.808502,-0.00155191,-0.206357,-0.221999
-0.236577,0.546685,0.0160106,0.809506,0.0043648,-0.205929,-0.227737
-0.229825,0.536876,0.016864,0.819157,0.00219253,-0.203637,-0.228237
-0.234858,0.53096,0.0142709,0.805977,0.000237035,-0.197295,-0.225516
-0.234745,0.53451,0.0136638,0.795721,-0.000260314,-0.200214,-0.227294
-0.237832,0.525768,0.0149657,0.779314,0.000436708,-0.199709,-0.2201
-0.233082,0.52955,0.012918,0.764222,0.0019441,-0.202558,-0.221211
-0.228731,0.533849,0.0115177,0.748087,0.002273,-0.202503,-0.216973
-0.228935,0.529932,0.0137283,0.731889,0.00331614,-0.204881,-0.214941
-0.230688,0.548915,0.0174232,0.715638,0.00676986,-0.205796,-0.214022
-0.233082,0.543629,0.0178276,0.70779,0.00362343,-0.207854,-0.21435
-0.225914,0.537588,0.017546,0.701781,0.00229927,-0.205514,-0.214325
-0.224009,0.531227,0.0161986,0.70649,0.000691128,-0.206896,-0.207848
-0.223721,0.516002,0.0182996,0.703152,0.000439813,-0.205398,-0.206322
-0.221257,0.520342,0.0188255,0.690563,-0.000248076,-0.208337,-0.207661
-0.218743,0.519075,0.0220582,0.700336,0.000818898,-0.213326,-0.208238
-0.214891,0.509967,0.0207063,0.690631,0.00126719,-0.213926,-0.201364
-0.212325,0.503241,0.016562,0.690509,0.00134335,-0.215568,-0.197686
-0.213254,0.501643,0.0194081,0.701941,0.000735427,-0.214095,-0.195117
-0.213441,0.492588,0.0169631,0.69752,8.19584e-05,-0.216142,-0.195078
-0.210018,0.488852,0.0202585,0.704785,0.000282452,-0.216109,-0.193604
-0.205805,0.478478,0.0165447,0.694473,-0.000234236,-0.210301,-0.188804
-0.208896,0.476475,0.0194309,0.684094,9.49051e-05,-0.207233,-0.187549
-0.211052,0.477816,0.0179075,0.690277,0.000717808,-0.194873,-0.183782
-0.206992,0.473775,0.0154177,0.694804,0.000723608,-0.191577,-0.181038
-0.202487,0.478212,0.0178413,0.693874,0.000691637,-0.184354,-0.177667
-0.207601,0.475804,0.0165976,0.686223,0.000465427,-0.184414,-0.17415
-0.206405,0.485058,0.015031,0.675985,0.000313537,-0.190246,-0.17527
-0.203603,0.472872,0.013886,0.667848,-0.00111097,-0.186417,-0.177891
-0.198391,0.46471,0.0129617,0.674645,-0.00202734,-0.18202,-0.18247
-0.199838,0.456418,0.0136372,0.675922,-0.00135018,-0.180197,-0.183135
-0.199223,0.451829,0.0134094,0.665191,0.000185975,-0.177978,-0.180125
-0.195901,0.466426,0.0131024,0.650766,0.0046395,-0.17702,-0.181062
-0.192105,0.463632,0.0122585,0.642767,0.00369022,-0.175379,-0.179199
-0.19418,0.463233,0.00805118,0.646677,0.00339973,-0.174535,-0.177413
-0.190961,0.457569,0.0129533,0.65028,0.00292878,-0.177792,-0.169885
-0.193261,0.454409,0.0127396,0.640078,0.00167783,-0.173634,-0.169922
-0.192022,0.445136,0.0150829,0.632675,0.00168395,-0.169986,-0.170417
-0.190956,0.439845,0.0159149,0.650331,0.000775267,-0.167183,-0.172132
-0.188531,0.431759,0.0169756,0.644872,0.000586926,-0.165853,-0.169976
-0.187452,0.433651,0.0164257,0.631895,0.000240394,-0.167479,-0.164453
-0.187341,0.426225,0.0153982,0.619401,0.00152211,-0.165004,-0.162281
-0.183147,0.423707,0.0158521,0.609903,0.000162687,-0.173517,-0.165751
-0.179999,0.419207,0.0159284,0.614498,-0.000106727,-0.174703,-0.161641
-0.178643,0.416809,0.0161191,0.599463,0.000827101,-0.175722,-0.16451
-0.174844,0.420477,0.0155754,0.585222,-0.000317748,-0.179092,-0.161075
-0.173601,0.419243,0.0139076,0.584837,-0.00105019,-0.181328,-0.162625
-0.174421,0.415688,0.013431,0.57742,-0.000930468,-0.17379,-0.159248
-0.172988,0.414208,0.0149417,0.561556,-0.000174241,-0.175189,-0.157738
-0.171205,0.412976,0.0173221,0.558084,0.000328596,-0.17569,-0.160377
-0.170552,0.424875,0.0165347,0.556709,-0.000218786,-0.175367,-0.1522
-0.166067,0.415278,0.0161473,0.556488,0.00521326,-0.176692,-0.158137
-0.164136,0.409549,0.0184254,0.55,0.00454806,-0.170853,-0.157101
-0.163488,0.397205,0.0157361,0.544499,0.00353128,-0.169372,-0.153795
-0.165723,0.38849,0.0191143,0.533561,0.0036611,-0.166668,-0.151971
-0.163256,0.383964,0.0161649,0.532838,0.00196285,-0.166265,-0.15386
-0.15792,0.383645,0.0147906,0.537919,0.000992544,-0.167602,-0.153476
-0.156061,0.37813,0.0161055,0.530649,0.0016369,-0.165437,-0.152324
-0.156846,0.383831,0.0150326,0.535505,0.00566283,-0.16126,-0.146484
-0.158078,0.373786,0.0130182,0.52845,0.00381585,-0.157834,-0.147203
-0.15732,0.374025,0.0135625,0.519292,0.00155712,-0.15866,-0.144499
-0.155598,0.365608,0.0120185,0.523196,0.00555974,-0.154881,-0.142119
-0.152562,0.362093,0.0134656,0.512368,0.00340624,-0.15278,-0.133931
-0.156453,0.365203,0.0161856,0.51842,0.00314766,-0.151389,-0.132264
-0.157807,0.35693,0.0163884,0.511142,0.00242546,-0.146887,-0.137628
-0.152959,0.35411,0.014018,0.510266,0.00209959,-0.148981,-0.137332
-0.147768,0.350635,0.012455,0.510253,0.00310956,-0.150177,-0.135205
-0.146167,0.347428,0.0120501,0.504116,0.00285526,-0.144311,-0.133999
-0.148022,0.342805,0.0128484,0.499877,0.00332941,-0.140081,-0.128315
-0.144943,0.341341,0.0151543,0.501468,0.00141559,-0.139288,-0.129105
-0.143783,0.339638,0.0168224,0.496056,0.000561118,-0.135403,-0.134855
-0.14136,0.33569,0.0162576,0.497171,-0.00154896,-0.134379,-0.130229
-0.142952,0.33511,0.0133028,0.489127,0.00351671,-0.132265,-0.129518
-0.138233,0.333856,0.0128968,0.483234,0.00276236,-0.133781,-0.130289
-0.136373,0.331288,0.0126933,0.48016,0.00235845,-0.133209,-0.131073
-0.137631,0.32566,0.0125908,0.47052,0.00224817,-0.131541,-0.132874
-0.136994,0.324665,0.0165719,0.468212,0.00143772,-0.132305,-0.126582
-0.140777,0.322552,0.0148971,0.463182,0.00220968,-0.133883,-0.12703
-0.136871,0.321649,0.0147796,0.463794,0.00089412,-0.13455,-0.123621
-0.129075,0.313314,0.0129562,0.454599,0.00111127,-0.129363,-0.122082
-0.129031,0.31159,0.0140141,0.457085,0.000355816,-0.128928,-0.120647
-0.131416,0.31555,0.0141205,0.446031,7.55964e-05,-0.127466,-0.117342
-0.126168,0.309069,0.0141907,0.448105,-0.000359035,-0.121932,-0.117821
-0.122906,0.303721,0.014234,0.441484,-0.000215823,-0.123455,-0.111719
-0.119728,0.296954,0.013588,0.438184,0.000314577,-0.12069,-0.112767
-0.117559,0.295806,0.0137861,0.43092,0.000426406,-0.118552,-0.107898
-0.11729,0.289625,0.0157831,0.429365,0.00117582,-0.118252,-0.104896
-0.114994,0.284254,0.0172817,0.430387,0.000587875,-0.117454,-0.106543
-0.114107,0.279495,0.0159035,0.428637,0.00104176,-0.116964,-0.104576
-0.116169,0.273215,0.0179204,0.417769,0.000495245,-0.115613,-0.102242
-0.114385,0.266936,0.0157855,0.415291,0.000333305,-0.11599,-0.0990144
-0.114407,0.270514,0.017939,0.403095,-1.27998e-05,-0.115602,-0.0986839
-0.115772,0.267398,0.0178008,0.40247,-6.7662e-06,-0.115044,-0.0976184
-0.110666,0.262726,0.0183426,0.397713,-0.000884807,-0.112817,-0.0970981
-0.111189,0.270423,0.0199939,0.396801,-0.000351518,-0.113952,-0.0966737
-0.114033,0.26345,0.0230763,0.385067,-0.000470959,-0.114589,-0.0958501
-0.113917,0.256925,0.0190515,0.383626,-7.60547e-05,-0.11034,-0.0948547
-0.111041,0.257007,0.0168006,0.372266,-0.000287643,-0.111308,-0.095676
-0.10961,0.254971,0.0152492,0.370095,0.000486723,-0.110978,-0.0953796
-0.107292,0.253523,0.0145839,0.358077,0.00505217,-0.111509,-0.0905414
-0.104386,0.249439,0.0134208,0.353709,0.0044065,-0.11174,-0.0905577
-0.105955,0.24832,0.0169141,0.34753,0.00411489,-0.108359,-0.0916035
-0.102769,0.245069,0.0151607,0.344793,0.00164253,-0.106138,-0.0875226
-0.102287,0.240369,0.0180119,0.341026,0.00190555,-0.110569,-0.0849024
-0.103818,0.239713,0.0165502,0.331994,0.000750814,-0.107802,-0.0875759
-0.0979156,0.234028,0.0137019,0.330488,0.00103488,-0.109906,-0.0887663
-0.0985252,0.232351,0.0142131,0.324434,-0.000121554,-0.105566,-0.0904686
-0.0962668,0.226254,0.0125473,0.320087,-2.84256e-05,-0.106661,-0.0872158
-0.0989826,0.224426,0.0150952,0.316032,0.000461319,-0.103379,-0.0842665
-0.0919454,0.218998,0.0106068,0.3007,2.08967e-05,-0.0992084,-0.0841956
-0.0920627,0.214352,0.0092809,0.299614,-0.000172873,-0.0939528,-0.08227
-0.0919363,0.213405,0.0113079,0.29088,0.000778857,-0.0980868,-0.0808376
-0.0897027,0.209655,0.0105279,0.288834,-0.000149569,-0.0967778,-0.083199
-0.0896166,0.203004,0.0106075,0.291598,0.000348122,-0.0910192,-0.0822336
-0.0871114,0.194375,0.00947391,0.275802,-2.45496e-05,-0.0820618,-0.0738374
-0.0847069,0.188973,0.0111613,0.2707,-0.000251506,-0.0802785,-0.0692451
-0.0822233,0.184604,0.0103437,0.26538,-0.000369454,-0.0798138,-0.0705592
-0.0839707,0.1832,0.0127312,0.266162,-0.000245053,-0.0746295,-0.0679777
-0.0835397,0.182174,0.0114612,0.263657,-0.00039979,-0.0689497,-0.0650952
-0.0834885,0.182862,0.0123842,0.254625,-0.000265824,-0.0656488,-0.0621014
-0.0825317,0.181096,0.00928881,0.256742,0.000501482,-0.0678361,-0.0610379
-0.0774943,0.177,0.00704882,0.256569,-0.000106095,-0.0637739,-0.0649339
-0.0736475,0.178538,0.00981322,0.247118,0.000133017,-0.0608957,-0.0617911
-0.0735122,0.171618,0.00880822,0.242326,-0.000351909,-0.059704,-0.0606099
-0.0751722,0.169491,0.00987368,0.239118,0.00020637,-0.0583495,-0.0554134
-0.0749623,0.165419,0.00697743,0.235391,-0.000506555,-0.0588207,-0.0561822
-0.0767923,0.160472,0.00906772,0.229016,0.000544012,-0.059611,-0.0545906
-0.0707035,0.163966,0.0110904,0.2208,0.000566196,-0.0635077,-0.0504247
-0.0682558,0.161184,0.0113263,0.218091,0.000174066,-0.0611995,-0.0519583
-0.0702204,0.155784,0.0109323,0.21243,-0.000324728,-0.0589694,-0.0531811
-0.0709329,0.149689,0.0107172,0.206553,-0.000894624,-0.0591574,-0.0543094
-0.0696209,0.147032,0.0124544,0.204592,-0.000596394,-0.0590684,-0.0504263
-0.0680515,0.145948,0.00807452,0.202092,-0.00016022,-0.0628123,-0.0516169
-0.0678983,0.139747,0.0104573,0.198438,-0.000106801,-0.0602004,-0.0474167
-0.0665135,0.135565,0.00713325,0.194148,-7.11912e-05,-0.0594629,-0.0507866
-0.0654068,0.134662,0.00837892,0.18622,0.000393356,-0.0595148,-0.0476432