2.71561e-05,-0.788959,-0.000124138,-2.83931,-0.000211413,2.04933,0.784744
2.57331e-05,-0.78896,-0.000125808,-2.83931,-0.000212023,2.04933,0.784746
2.35883e-05,-0.788959,-0.000127757,-2.83932,-0.000212023,2.04934,0.784745
2.51006e-05,-0.788959,-0.000127757,-2.83931,-0.000212735,2.04933,0.784741
2.67184e-05,-0.788959,-0.000127757,-2.83932,-0.000211413,2.04933,0.784739
2.33599e-05,-0.788962,-0.000125808,-2.83932,-0.000212735,2.04933,0.784742
2.33541e-05,-0.788959,-0.000125808,-2.83932,-0.000210701,2.04933,0.784738
2.6693e-05,-0.78896,-0.000128399,-2.83931,-0.000214609,2.04933,0.784741
2.22496e-05,-0.788958,-0.000126842,-2.83931,-0.000214962,2.04934,0.784743
2.4125e-05,-0.78896,-0.000128809,-2.83931,-0.000215317,2.04934,0.784742
1.83703e-05,-0.788957,-0.000139177,-2.83931,-0.000214825,2.04934,0.784736
1.36993e-05,-0.78896,-0.00015457,-2.83931,-0.000219993,2.04934,0.78474
-9.03555e-07,-0.788954,-0.000170887,-2.8393,-0.000223716,2.04934,0.784743
-1.18609e-05,-0.788947,-0.000190574,-2.8393,-0.000231239,2.04934,0.784741
-3.19001e-05,-0.788933,-0.000214358,-2.83929,-0.000237493,2.04933,0.784739
-4.88456e-05,-0.788925,-0.000241272,-2.83928,-0.000236662,2.04934,0.784741
-6.68054e-05,-0.788915,-0.000269232,-2.83928,-0.000234189,2.04934,0.784739
-8.70561e-05,-0.788907,-0.000301814,-2.83927,-0.00023222,2.04934,0.784739
-0.000110847,-0.7889,-0.000329994,-2.83926,-0.000227122,2.04933,0.784737
-0.000135446,-0.788892,-0.000356431,-2.83925,-0.000225635,2.04933,0.784732
-0.000156788,-0.788876,-0.00037764,-2.83924,-0.000226707,2.04933,0.784724
-0.00018066,-0.788858,-0.000404905,-2.83923,-0.00022564,2.04933,0.784711
-0.000203516,-0.788842,-0.000424909,-2.83922,-0.000228557,2.04933,0.784698
-0.000236701,-0.788825,-0.000441653,-2.8392,-0.000234047,2.04933,0.784688
-0.000265626,-0.788812,-0.000460284,-2.83918,-0.000244201,2.04933,0.784671
-0.000296844,-0.788798,-0.00048205,-2.83917,-0.000260497,2.04933,0.784646
-0.000339397,-0.788786,-0.000500313,-2.83916,-0.000280644,2.04933,0.784618
-0.00037933,-0.78877,-0.000525023,-2.83914,-0.000303636,2.04933,0.784579
-0.000425708,-0.788755,-0.000543993,-2.83912,-0.000324592,2.04933,0.784538
-0.000477483,-0.788739,-0.000573482,-2.8391,-0.000346717,2.04933,0.784487
-0.000530864,-0.78872,-0.0006036,-2.83908,-0.00037113,2.04933,0.784423
-0.000589234,-0.788699,-0.000637825,-2.83905,-0.000396883,2.04933,0.784353
-0.000654824,-0.788681,-0.000670353,-2.83903,-0.000421658,2.04933,0.784268
-0.000720779,-0.788656,-0.000707234,-2.839,-0.000447735,2.04933,0.784181
-0.000791306,-0.788634,-0.000742689,-2.83897,-0.000477746,2.04933,0.784094
-0.000867061,-0.788612,-0.000775248,-2.83895,-0.000510765,2.04933,0.783986
-0.000942707,-0.788585,-0.000814363,-2.83891,-0.000538912,2.04933,0.783876
-0.0010248,-0.788556,-0.000844341,-2.83888,-0.000573318,2.04932,0.783763
-0.00110394,-0.788524,-0.000878044,-2.83884,-0.000610107,2.04933,0.783636
-0.00119479,-0.788495,-0.000910301,-2.83881,-0.000645215,2.04933,0.783513
-0.00128037,-0.788464,-0.000942536,-2.83877,-0.000685299,2.04933,0.783384
-0.00137838,-0.788432,-0.000980611,-2.83874,-0.000725786,2.04933,0.78325
-0.00148033,-0.7884,-0.00101887,-2.83869,-0.000768485,2.04933,0.783114
-0.00158073,-0.788369,-0.00106099,-2.83865,-0.000806521,2.04932,0.782977
-0.00168729,-0.788328,-0.00110199,-2.83861,-0.00084708,2.04932,0.782839
-0.00179515,-0.788292,-0.00114632,-2.83857,-0.00088726,2.04932,0.782698
-0.00190957,-0.788254,-0.00118972,-2.83852,-0.000927067,2.04932,0.782553
-0.00202524,-0.788215,-0.00124097,-2.83847,-0.000965741,2.04931,0.782404
-0.00214624,-0.788176,-0.00128918,-2.83842,-0.00100851,2.04931,0.78226
-0.00226605,-0.788135,-0.00133795,-2.83837,-0.00104773,2.04931,0.782111
-0.00239454,-0.78809,-0.00138552,-2.83832,-0.00108905,2.0493,0.781959
-0.00252639,-0.788052,-0.00143546,-2.83826,-0.00112863,2.0493,0.781803
-0.00265185,-0.788008,-0.00148787,-2.83821,-0.00117317,2.04929,0.781649
-0.00278917,-0.787961,-0.00153887,-2.83816,-0.00121637,2.04929,0.781487
-0.00292915,-0.787912,-0.00158829,-2.8381,-0.00125903,2.04928,0.781323
-0.00307604,-0.787861,-0.00163746,-2.83804,-0.00130615,2.04928,0.781154
-0.00322885,-0.787816,-0.0016922,-2.83798,-0.00135419,2.04927,0.780984
-0.00338353,-0.787772,-0.00174334,-2.83792,-0.00139683,2.04926,0.780809
-0.00353513,-0.787723,-0.00179493,-2.83786,-0.00144745,2.04925,0.780627
-0.00369395,-0.787671,-0.00185252,-2.83779,-0.00149156,2.04924,0.780445
-0.00385573,-0.78762,-0.00191202,-2.83772,-0.00153805,2.04923,0.780253
-0.0040273,-0.787563,-0.00196844,-2.83765,-0.00158048,2.04921,0.78006
-0.00419481,-0.787507,-0.0020256,-2.83758,-0.00162665,2.0492,0.779867
-0.00437274,-0.787444,-0.00208875,-2.83751,-0.00167162,2.04919,0.77966
-0.00455136,-0.787384,-0.00215074,-2.83744,-0.00171588,2.04917,0.779449
-0.00473131,-0.787322,-0.00220558,-2.83737,-0.00176296,2.04915,0.779241
-0.0049245,-0.787266,-0.0022713,-2.8373,-0.00181112,2.04914,0.779023
-0.00511386,-0.787206,-0.00232718,-2.83722,-0.00185757,2.04912,0.778802
-0.00530193,-0.787139,-0.00239168,-2.83714,-0.00190352,2.04911,0.778584
-0.00591451,-0.786947,-0.00257415,-2.83689,-0.00204137,2.04906,0.777904
-0.00612107,-0.786882,-0.00263638,-2.83681,-0.00208467,2.04905,0.777671
-0.00633332,-0.786816,-0.0026913,-2.83672,-0.00212886,2.04904,0.777443
-0.00656109,-0.78675,-0.00274646,-2.83664,-0.00217581,2.04902,0.777205
-0.00679312,-0.786681,-0.00281248,-2.83655,-0.00221972,2.04901,0.77697
-0.00701718,-0.786582,-0.00288564,-2.83647,-0.00226274,2.049,0.776728
-0.00723644,-0.786489,-0.00294706,-2.83637,-0.00231179,2.04899,0.776475
-0.00745884,-0.786417,-0.00300171,-2.83628,-0.00236454,2.04898,0.77622
-0.00770047,-0.786355,-0.00307589,-2.83618,-0.00241099,2.04895,0.775964
-0.00794887,-0.786293,-0.00316532,-2.83609,-0.00246207,2.04892,0.775714
-0.00820611,-0.786237,-0.00323365,-2.83599,-0.00250119,2.0489,0.77546
-0.00846379,-0.786176,-0.00328037,-2.8359,-0.0025422,2.04889,0.775188
-0.00870045,-0.786104,-0.00331823,-2.83581,-0.00257835,2.04887,0.774905
-0.00895803,-0.786015,-0.0033756,-2.83571,-0.00264067,2.04886,0.774621
-0.00924217,-0.785928,-0.00344392,-2.8356,-0.00269969,2.04883,0.774351
-0.00952595,-0.785816,-0.0035121,-2.83551,-0.00274669,2.04882,0.774072
-0.00980181,-0.78571,-0.00356352,-2.83539,-0.00281001,2.04882,0.773779
-0.0100426,-0.785595,-0.0036397,-2.83525,-0.00286909,2.04881,0.773457
-0.0102997,-0.785503,-0.0037168,-2.83514,-0.00289899,2.04878,0.77315
-0.010606,-0.785424,-0.00378725,-2.83504,-0.00294407,2.04875,0.772867
-0.0109215,-0.785368,-0.0038551,-2.83491,-0.00300361,2.04873,0.772573
-0.0112318,-0.785301,-0.00393118,-2.83483,-0.00304993,2.04871,0.772244
-0.0115087,-0.785218,-0.00402048,-2.83473,-0.00310534,2.0487,0.771908
-0.0118032,-0.785116,-0.00408552,-2.83459,-0.0031653,2.0487,0.771573
-0.0121305,-0.785012,-0.00413718,-2.83448,-0.00319047,2.04865,0.771257
-0.0124538,-0.784892,-0.00420628,-2.83436,-0.0032217,2.04862,0.770932
-0.0127687,-0.784766,-0.00428853,-2.83422,-0.00328992,2.04863,0.77059
-0.0130867,-0.784649,-0.00435392,-2.83411,-0.00335437,2.04862,0.770241
-0.0133829,-0.784548,-0.00441433,-2.834,-0.00339866,2.0486,0.769881
-0.0137124,-0.784448,-0.00447734,-2.83387,-0.00344013,2.04856,0.76954
-0.0140455,-0.784351,-0.00453817,-2.83374,-0.00348126,2.04852,0.769209
-0.0143712,-0.784241,-0.00461135,-2.83362,-0.00352714,2.04849,0.768848
-0.0146905,-0.784107,-0.00468411,-2.83349,-0.00359179,2.04849,0.76848
-0.0150461,-0.783979,-0.00474595,-2.83335,-0.00366555,2.04848,0.768111
-0.0154062,-0.783855,-0.00481576,-2.83321,-0.00371394,2.04845,0.767754
-0.0157532,-0.783727,-0.00489268,-2.83309,-0.00375105,2.04841,0.767398
-0.0161043,-0.783613,-0.00496733,-2.83293,-0.0037992,2.04837,0.767022
-0.0164452,-0.78351,-0.00503259,-2.8328,-0.00384104,2.04836,0.766627
-0.0168,-0.783414,-0.00509445,-2.83267,-0.0038858,2.04834,0.766242
-0.0171784,-0.783307,-0.00515962,-2.83253,-0.00395214,2.04833,0.765861
-0.0175344,-0.783192,-0.00523592,-2.8324,-0.0040115,2.04831,0.765476
-0.0178877,-0.783071,-0.00530155,-2.83227,-0.00405158,2.04827,0.765079
-0.0182413,-0.782949,-0.00536788,-2.83211,-0.00410406,2.04825,0.764679
-0.0186114,-0.782824,-0.00543445,-2.83195,-0.00415042,2.04823,0.764278
-0.0189828,-0.782706,-0.00549943,-2.83182,-0.00418631,2.0482,0.763865
-0.0193635,-0.782595,-0.0055661,-2.83168,-0.00424159,2.04818,0.763459
-0.0197461,-0.78249,-0.0056417,-2.83154,-0.00431239,2.04817,0.763036
-0.0201287,-0.782378,-0.00571395,-2.8314,-0.00436064,2.04815,0.762597
-0.0205178,-0.782263,-0.0057696,-2.83126,-0.00440017,2.04812,0.762177
-0.0209268,-0.782132,-0.00582408,-2.8311,-0.0044502,2.04811,0.761749
-0.0213173,-0.78199,-0.00589376,-2.83095,-0.00450291,2.0481,0.761316
-0.0217164,-0.781851,-0.00596823,-2.8308,-0.00455238,2.04807,0.760861
-0.0221208,-0.781709,-0.00604447,-2.83063,-0.00460842,2.04805,0.760404
-0.0225312,-0.781575,-0.00610906,-2.83048,-0.00465948,2.04802,0.759972
-0.0229457,-0.781446,-0.00617264,-2.83033,-0.0047085,2.048,0.759518
-0.0233695,-0.781304,-0.00624878,-2.83017,-0.00476127,2.04798,0.759048
-0.0237872,-0.78116,-0.00631853,-2.83001,-0.00481483,2.04796,0.758587
-0.0242376,-0.781007,-0.00638456,-2.82985,-0.00486003,2.04794,0.758133
-0.0246784,-0.780842,-0.00643943,-2.82969,-0.00490506,2.04791,0.757684
-0.025122,-0.780677,-0.00651156,-2.82952,-0.00495607,2.04788,0.757227
-0.0255678,-0.780517,-0.00658869,-2.82934,-0.00501457,2.04786,0.756753
-0.0260205,-0.780361,-0.00666277,-2.82919,-0.00506803,2.04783,0.756288
-0.0264803,-0.780212,-0.00673025,-2.82902,-0.00512619,2.04781,0.755832
-0.0269567,-0.780068,-0.0067897,-2.82886,-0.00517398,2.04779,0.755369
-0.0274312,-0.779922,-0.00686223,-2.82868,-0.00521943,2.04776,0.754882
-0.027906,-0.779776,-0.00693097,-2.82851,-0.00526786,2.04772,0.7544
-0.0283787,-0.779624,-0.00700001,-2.82834,-0.00532312,2.04769,0.753923
-0.028869,-0.779473,-0.00707454,-2.82817,-0.00537934,2.04766,0.753437
-0.0293723,-0.779318,-0.00714087,-2.82799,-0.00543065,2.04764,0.752953
-0.0298511,-0.779164,-0.00721681,-2.82781,-0.00549004,2.04761,0.752455
-0.030344,-0.77902,-0.00729158,-2.82762,-0.00554021,2.04759,0.751953
-0.0308354,-0.778874,-0.00735903,-2.82745,-0.0055833,2.04756,0.751462
-0.0313392,-0.778728,-0.00741956,-2.82727,-0.00563798,2.04753,0.750951
-0.0318526,-0.778584,-0.00748161,-2.82708,-0.00569251,2.04751,0.75044
-0.0323444,-0.778421,-0.00754304,-2.82689,-0.0057417,2.04748,0.749931
-0.0328451,-0.778256,-0.0076001,-2.8267,-0.00579349,2.04745,0.749406
-0.0333489,-0.778095,-0.00766052,-2.82651,-0.00584861,2.04742,0.748888
-0.03385,-0.777936,-0.00772643,-2.82632,-0.00589824,2.04739,0.748363
-0.0343665,-0.777777,-0.00778887,-2.82612,-0.00594606,2.04736,0.747821
-0.0348786,-0.777606,-0.00784988,-2.82593,-0.00600024,2.04734,0.747291
-0.0354011,-0.777437,-0.00791024,-2.82573,-0.00605521,2.04732,0.746743
-0.0359252,-0.777266,-0.00797881,-2.82554,-0.00610126,2.04729,0.746205
-0.0364574,-0.777095,-0.00804298,-2.82533,-0.00614698,2.04727,0.745656
-0.03699,-0.77692,-0.00810772,-2.82513,-0.00619096,2.04724,0.745099
-0.0375166,-0.776734,-0.00817404,-2.82492,-0.00623473,2.04722,0.744551
-0.0380494,-0.776549,-0.00824118,-2.8247,-0.00628209,2.0472,0.743987
-0.0386003,-0.776361,-0.00830283,-2.82449,-0.00633216,2.04718,0.743428
-0.039149,-0.776166,-0.00836404,-2.82428,-0.00638098,2.04716,0.742859
-0.0396872,-0.775975,-0.00842965,-2.82406,-0.00642537,2.04713,0.742285
-0.0402242,-0.775778,-0.0084971,-2.82384,-0.00647351,2.04711,0.741704
-0.0407776,-0.775591,-0.00856099,-2.82363,-0.00651999,2.04708,0.741116
-0.041332,-0.775403,-0.00861933,-2.82341,-0.00656551,2.04706,0.740526
-0.0418922,-0.775206,-0.00868008,-2.82319,-0.00661725,2.04703,0.739939
-0.0424586,-0.775011,-0.00874304,-2.82296,-0.00666767,2.04701,0.739324
-0.0430156,-0.774807,-0.00880719,-2.82274,-0.00671757,2.04698,0.73872
-0.0435765,-0.774613,-0.00886775,-2.82252,-0.00676392,2.04696,0.73811
-0.044151,-0.77442,-0.00892906,-2.82228,-0.00681282,2.04693,0.7375
-0.0447186,-0.774227,-0.00899805,-2.82206,-0.0068602,2.04691,0.736893
-0.0452889,-0.774024,-0.00906283,-2.82182,-0.00690457,2.04688,0.736277
-0.0464372,-0.773631,-0.00918691,-2.82135,-0.00700032,2.04684,0.735049
-0.0470221,-0.77343,-0.0092462,-2.82111,-0.00704372,2.0468,0.734424
-0.0476145,-0.77322,-0.00929837,-2.82087,-0.00708776,2.04677,0.7338
-0.0482196,-0.773015,-0.00935596,-2.82062,-0.00713612,2.04675,0.733174
-0.0488212,-0.7728,-0.00941675,-2.82037,-0.00718264,2.04672,0.732545
-0.0494213,-0.772586,-0.00947388,-2.82013,-0.00722878,2.0467,0.731911
-0.0500414,-0.772374,-0.00953098,-2.81987,-0.00727398,2.04667,0.731269
-0.0506546,-0.772164,-0.00959533,-2.81962,-0.00732019,2.04665,0.730633
-0.0512766,-0.771948,-0.00967071,-2.81937,-0.00737613,2.04663,0.729989
-0.0519197,-0.771738,-0.00974123,-2.81912,-0.00742182,2.0466,0.729327
-0.0525498,-0.77152,-0.00981272,-2.81885,-0.00747545,2.04657,0.728675
-0.0532086,-0.77131,-0.00988427,-2.8186,-0.00752415,2.04655,0.728013
-0.0538594,-0.771081,-0.00994823,-2.81834,-0.00756884,2.04652,0.727352
-0.0545239,-0.770852,-0.0100173,-2.81807,-0.0076159,2.04649,0.726677
-0.0551821,-0.77063,-0.0100908,-2.8178,-0.00766856,2.04647,0.725986
-0.0558394,-0.770394,-0.0101596,-2.81755,-0.0077192,2.04645,0.72531
-0.0565148,-0.770163,-0.0102326,-2.81727,-0.00777437,2.04642,0.724618
-0.0571752,-0.769929,-0.0102958,-2.81701,-0.00782689,2.0464,0.723921
-0.0578467,-0.769701,-0.0103672,-2.81674,-0.00787864,2.04637,0.723212
-0.058524,-0.769457,-0.0104304,-2.81646,-0.00793348,2.04635,0.722502
-0.0591948,-0.769212,-0.010495,-2.81618,-0.00798339,2.04633,0.721791
-0.0598798,-0.768969,-0.010562,-2.81591,-0.00803407,2.04631,0.721064
-0.0605675,-0.768723,-0.0106282,-2.81563,-0.00808255,2.04629,0.720327
-0.0612496,-0.768475,-0.0106988,-2.81535,-0.00813767,2.04627,0.719606
-0.0619412,-0.768228,-0.0107647,-2.81507,-0.00818142,2.04624,0.718882
-0.0626279,-0.767972,-0.0108259,-2.81478,-0.00822138,2.04622,0.718159
-0.0633265,-0.767718,-0.0108873,-2.81449,-0.00826764,2.0462,0.71743
-0.0640263,-0.767461,-0.0109545,-2.81421,-0.00830944,2.04618,0.716705
-0.0647209,-0.767204,-0.011022,-2.81392,-0.0083502,2.04616,0.715985
-0.0654324,-0.766937,-0.0110803,-2.81362,-0.00839763,2.04614,0.715251
-0.0661355,-0.766673,-0.0111389,-2.81333,-0.00843973,2.04611,0.714527
-0.0668348,-0.766405,-0.0112011,-2.81303,-0.00848409,2.04609,0.713803
-0.0675489,-0.766134,-0.0112578,-2.81273,-0.00852593,2.04606,0.713069
-0.0682454,-0.76586,-0.0113164,-2.81243,-0.00857119,2.04603,0.71235
-0.0689527,-0.765588,-0.0113784,-2.81213,-0.00862353,2.04601,0.71162
-0.0696694,-0.765305,-0.011437,-2.81183,-0.00867061,2.04599,0.710896
-0.0703699,-0.765027,-0.0114926,-2.81153,-0.00871932,2.04597,0.710159
-0.0710866,-0.764752,-0.0115516,-2.81123,-0.00876428,2.04594,0.709422
-0.0717999,-0.764463,-0.0116063,-2.81092,-0.00879922,2.04591,0.708676
-0.07252,-0.764171,-0.0116538,-2.81062,-0.00884219,2.04589,0.70793
-0.0732482,-0.76389,-0.0117124,-2.81031,-0.00888883,2.04587,0.707182
-0.0739707,-0.76359,-0.0117682,-2.81001,-0.00892717,2.04584,0.706422
-0.0747132,-0.763306,-0.0118194,-2.8097,-0.00897048,2.04582,0.705664
-0.0754393,-0.763002,-0.0118849,-2.8094,-0.00900916,2.04579,0.704896
-0.076187,-0.762702,-0.0119347,-2.80908,-0.00904281,2.04576,0.704121
-0.0769437,-0.762406,-0.0119914,-2.80877,-0.00908815,2.04574,0.703333
-0.0776967,-0.762106,-0.0120561,-2.80846,-0.00912665,2.04571,0.702542
-0.0784721,-0.761806,-0.0121178,-2.80815,-0.00917211,2.04569,0.701752
-0.079243,-0.761498,-0.0121919,-2.80783,-0.00922359,2.04567,0.700959
-0.0800296,-0.761191,-0.0122617,-2.80751,-0.00926371,2.04564,0.700147
-0.080821,-0.760884,-0.0123283,-2.80719,-0.00931127,2.04561,0.699322
-0.0816057,-0.760566,-0.0123912,-2.80687,-0.00935888,2.04558,0.698516
-0.0824058,-0.76025,-0.0124558,-2.80655,-0.00940439,2.04555,0.697698
-0.08321,-0.759937,-0.0125194,-2.80623,-0.00945952,2.04553,0.696896
-0.0840083,-0.759614,-0.0125815,-2.8059,-0.00950969,2.0455,0.696068
-0.0848053,-0.759299,-0.0126329,-2.80558,-0.00956145,2.04547,0.695241
-0.0856003,-0.758974,-0.0126946,-2.80525,-0.00961189,2.04545,0.694424
-0.0864104,-0.758641,-0.0127506,-2.80491,-0.00965914,2.04542,0.693593
-0.0872354,-0.758319,-0.0128121,-2.80459,-0.00970808,2.04539,0.692764
-0.0880521,-0.757989,-0.0128768,-2.80424,-0.00975666,2.04537,0.691931
-0.0888808,-0.757668,-0.012945,-2.80391,-0.00980349,2.04534,0.691096
-0.0896974,-0.757329,-0.0130065,-2.80357,-0.0098434,2.04532,0.690253
-0.0905274,-0.75699,-0.0130712,-2.80322,-0.00988373,2.0453,0.689404
-0.0913716,-0.756651,-0.0131347,-2.80287,-0.00992227,2.04528,0.688542
-0.0922037,-0.756299,-0.0131993,-2.80252,-0.00996236,2.04525,0.687698
-0.093044,-0.755953,-0.013256,-2.80216,-0.0100043,2.04523,0.686832
-0.0938629,-0.755607,-0.0133071,-2.8018,-0.0100465,2.04521,0.685975
-0.0947,-0.755257,-0.0133602,-2.80145,-0.0100866,2.04519,0.6851
-0.0955349,-0.754906,-0.0134055,-2.80108,-0.0101332,2.04517,0.684217
-0.0963573,-0.754553,-0.0134506,-2.80073,-0.0101823,2.04515,0.683357
-0.0971991,-0.754193,-0.0134971,-2.80036,-0.0102255,2.04513,0.682464
-0.0980362,-0.753831,-0.0135462,-2.79999,-0.0102695,2.04512,0.681572
-0.0988634,-0.753472,-0.0135911,-2.79962,-0.0103151,2.0451,0.680674
-0.0997127,-0.753111,-0.013633,-2.79924,-0.0103462,2.04508,0.679772
-0.10055,-0.752748,-0.0136872,-2.79887,-0.0103833,2.04507,0.678886
-0.101402,-0.752376,-0.0137448,-2.79848,-0.0104197,2.04506,0.677978
-0.102272,-0.752007,-0.013801,-2.79811,-0.010459,2.04504,0.677075
-0.103122,-0.751629,-0.0138588,-2.79771,-0.0104938,2.04503,0.676189
-0.103988,-0.751249,-0.0139218,-2.79732,-0.0105265,2.04502,0.67528
-0.104864,-0.750868,-0.0139818,-2.79693,-0.0105623,2.045,0.674391
-0.105757,-0.750489,-0.0140367,-2.79655,-0.0105964,2.04499,0.67349
-0.106648,-0.750108,-0.0140996,-2.79615,-0.0106386,2.04498,0.672582
-0.10753,-0.749721,-0.0141559,-2.79575,-0.0106786,2.04496,0.671688
-0.10843,-0.749337,-0.0142151,-2.79535,-0.0107206,2.04494,0.670778
-0.109314,-0.748949,-0.0142737,-2.79494,-0.010766,2.04493,0.669886
-0.110209,-0.748562,-0.0143343,-2.79452,-0.0108138,2.04491,0.668975
-0.11111,-0.748177,-0.0143915,-2.79411,-0.0108552,2.0449,0.668055
-0.112011,-0.747785,-0.0144455,-2.79369,-0.010899,2.04489,0.667151
-0.112916,-0.747379,-0.014513,-2.79328,-0.0109403,2.04488,0.666229
-0.113834,-0.74699,-0.0145716,-2.79286,-0.0109857,2.04487,0.66532
-0.114747,-0.746578,-0.0146378,-2.79244,-0.0110219,2.04486,0.664396
-0.115673,-0.746183,-0.0147074,-2.792,-0.011057,2.04485,0.663459
-0.116591,-0.745767,-0.0147802,-2.79158,-0.0110953,2.04484,0.662535
-0.117528,-0.74536,-0.0148366,-2.79115,-0.0111289,2.04483,0.661586
-0.118454,-0.744953,-0.0149005,-2.79073,-0.0111619,2.04481,0.660632
-0.11936,-0.744547,-0.0149604,-2.79028,-0.0112014,2.0448,0.659684
-0.120283,-0.744139,-0.01501,-2.78984,-0.0112379,2.04479,0.658727
-0.121187,-0.743727,-0.0150543,-2.7894,-0.0112736,2.04477,0.657776
-0.12211,-0.743306,-0.0151035,-2.78895,-0.0113126,2.04477,0.656817
-0.123039,-0.742896,-0.015144,-2.7885,-0.011353,2.04476,0.655844
-0.12396,-0.742477,-0.015183,-2.78805,-0.0113911,2.04475,0.654877
-0.124876,-0.742052,-0.0152259,-2.7876,-0.0114296,2.04475,0.653904
-0.125795,-0.741617,-0.0152655,-2.78714,-0.0114601,2.04474,0.652938
-0.126737,-0.741185,-0.0153117,-2.78667,-0.0114896,2.04473,0.651957
-0.127686,-0.740752,-0.0153721,-2.7862,-0.0115137,2.04472,0.650974
-0.128622,-0.740309,-0.0154314,-2.78574,-0.0115447,2.04471,0.649991
-0.129588,-0.739857,-0.0154835,-2.78526,-0.0115738,2.0447,0.648998
-0.130553,-0.739419,-0.0155444,-2.78481,-0.011595,2.04468,0.648014
-0.131517,-0.738969,-0.015606,-2.78434,-0.0116261,2.04467,0.647015
-0.132488,-0.73853,-0.0156653,-2.78386,-0.0116609,2.04465,0.646001
-0.13345,-0.738077,-0.0157126,-2.78341,-0.0116949,2.04464,0.644993
-0.134429,-0.737615,-0.0157696,-2.78294,-0.0117397,2.04463,0.643976
-0.135411,-0.737165,-0.0158206,-2.78248,-0.0117811,2.04462,0.64294
-0.136384,-0.736697,-0.0158577,-2.78201,-0.0118265,2.04461,0.641912
-0.137362,-0.736239,-0.0159128,-2.78153,-0.0118764,2.0446,0.640878
-0.138344,-0.735767,-0.0159601,-2.78108,-0.011922,2.04459,0.639841
-0.139347,-0.735307,-0.0160145,-2.7806,-0.0119616,2.04459,0.638802
-0.140367,-0.73484,-0.0160704,-2.78013,-0.0120001,2.04458,0.637757
-0.141365,-0.734362,-0.0161308,-2.77966,-0.0120301,2.04457,0.636727
-0.142373,-0.733881,-0.0161984,-2.77918,-0.0120617,2.04456,0.635689
-0.143386,-0.733394,-0.0162618,-2.7787,-0.0120904,2.04455,0.634673
-0.144409,-0.732904,-0.0163309,-2.7782,-0.012114,2.04454,0.633638
-0.145427,-0.732418,-0.0164005,-2.77771,-0.0121474,2.04453,0.632612
-0.146426,-0.731918,-0.0164534,-2.77722,-0.012184,2.04452,0.631597
-0.147432,-0.731422,-0.016499,-2.77673,-0.0122201,2.04451,0.63057
-0.148438,-0.730916,-0.0165383,-2.77624,-0.0122569,2.0445,0.629539
-0.149438,-0.730407,-0.0165702,-2.77573,-0.0122965,2.04449,0.628528
-0.15045,-0.729892,-0.0165925,-2.77523,-0.012334,2.04449,0.627497
-0.151444,-0.729373,-0.0166302,-2.77473,-0.0123649,2.04448,0.62648
-0.152467,-0.728851,-0.0166587,-2.77422,-0.0123956,2.04447,0.62543
-0.153514,-0.72833,-0.0167024,-2.7737,-0.0124197,2.04447,0.62439
-0.154537,-0.727799,-0.0167487,-2.77319,-0.0124413,2.04446,0.623346
-0.155583,-0.727278,-0.0168107,-2.77266,-0.0124597,2.04446,0.622292
-0.156619,-0.726745,-0.0168649,-2.77213,-0.0124778,2.04446,0.621231
-0.157677,-0.726203,-0.0169325,-2.7716,-0.0124963,2.04445,0.620159
-0.158729,-0.725676,-0.017003,-2.77107,-0.0125144,2.04445,0.619081
-0.159773,-0.725129,-0.0170633,-2.77054,-0.012543,2.04445,0.618016
-0.160838,-0.724586,-0.0171202,-2.77,-0.012541,2.04442,0.617148
-0.161901,-0.724058,-0.017178,-2.76946,-0.0125149,2.0443,0.615892
-0.162944,-0.723512,-0.0172064,-2.76889,-0.0124824,2.04431,0.614762
-0.163989,-0.72297,-0.0172867,-2.76836,-0.0126501,2.04438,0.613713
-0.16503,-0.722444,-0.0173129,-2.76786,-0.0126583,2.04437,0.612728
-0.166127,-0.721901,-0.0173423,-2.76726,-0.0126538,2.04431,0.611586
-0.167225,-0.721355,-0.0173673,-2.76671,-0.012726,2.04431,0.610492
-0.168253,-0.720793,-0.0174228,-2.76619,-0.012719,2.04439,0.609302
-0.169308,-0.720235,-0.0174785,-2.7656,-0.0128408,2.04451,0.608222
-0.170401,-0.719686,-0.0175138,-2.76504,-0.012836,2.04449,0.607161
-0.171502,-0.719147,-0.0175596,-2.76449,-0.0128192,2.04434,0.606045
-0.172573,-0.718598,-0.0176161,-2.76387,-0.0128698,2.04433,0.604867
-0.173592,-0.718037,-0.0176751,-2.76329,-0.0129321,2.04438,0.603744
-0.174628,-0.717469,-0.0177197,-2.76272,-0.0129582,2.04438,0.602611
-0.175715,-0.71689,-0.0177488,-2.76212,-0.0129863,2.04434,0.601518
-0.176817,-0.716291,-0.0177494,-2.76151,-0.0129711,2.0443,0.600335
-0.177855,-0.715709,-0.0178105,-2.76091,-0.0130115,2.04432,0.599189
-0.178913,-0.715113,-0.0178422,-2.76032,-0.013102,2.04442,0.598082
-0.180019,-0.714518,-0.0178598,-2.75974,-0.0130991,2.04445,0.596898
-0.181143,-0.713923,-0.0178869,-2.75914,-0.0130855,2.04443,0.59578
-0.182227,-0.713319,-0.0179379,-2.75851,-0.0131036,2.04442,0.594657
-0.183319,-0.712718,-0.0179761,-2.75792,-0.0131254,2.04445,0.593522
-0.184395,-0.712104,-0.0180441,-2.75731,-0.0131626,2.04446,0.592395
-0.185522,-0.711497,-0.0180694,-2.75671,-0.0131631,2.04443,0.591231
-0.186646,-0.710895,-0.0181068,-2.75611,-0.0131663,2.04438,0.590107
-0.18771,-0.710278,-0.0181668,-2.75551,-0.0132139,2.04438,0.589033
-0.188811,-0.709675,-0.018211,-2.75491,-0.013248,2.04437,0.58788
-0.189936,-0.709062,-0.0182399,-2.7543,-0.0132811,2.04435,0.58674
-0.191065,-0.708442,-0.0182731,-2.7537,-0.013315,2.04436,0.585598
-0.192206,-0.707829,-0.018317,-2.7531,-0.0133315,2.04439,0.584469
-0.193344,-0.707183,-0.0183576,-2.75251,-0.0133638,2.04441,0.583368
-0.194482,-0.706544,-0.0184136,-2.75189,-0.0133771,2.04442,0.582184
-0.195629,-0.705904,-0.0184589,-2.75128,-0.0133845,2.04442,0.581011
-0.196795,-0.705268,-0.0185079,-2.75065,-0.0134121,2.04444,0.579877
-0.197933,-0.70462,-0.0185684,-2.75003,-0.013423,2.04444,0.57873
-0.19905,-0.703949,-0.0186131,-2.74939,-0.013441,2.04442,0.577575
-0.200176,-0.703284,-0.0186546,-2.74875,-0.0134749,2.04441,0.576385
-0.201289,-0.702629,-0.0186949,-2.74813,-0.0135068,2.04441,0.575225
-0.202421,-0.701958,-0.0187177,-2.7475,-0.0135427,2.04441,0.574079
-0.203567,-0.701284,-0.0187403,-2.74685,-0.0135618,2.04441,0.572897
-0.204695,-0.700602,-0.0187612,-2.74619,-0.0135729,2.0444,0.571716
-0.205858,-0.699914,-0.0187882,-2.74554,-0.0135944,2.04441,0.570533
-0.207036,-0.699231,-0.0188151,-2.7449,-0.0136091,2.04444,0.569344
-0.208208,-0.698543,-0.0188554,-2.74424,-0.0136091,2.04445,0.568163
-0.209392,-0.697863,-0.0188928,-2.74358,-0.0136017,2.04445,0.566955
-0.210551,-0.697171,-0.0189532,-2.7429,-0.0136036,2.04446,0.565764
-0.211705,-0.696492,-0.01902,-2.74221,-0.0136247,2.04447,0.564564
-0.212889,-0.69581,-0.0190707,-2.74153,-0.0136376,2.04448,0.563332
-0.214043,-0.695117,-0.019111,-2.74084,-0.0136598,2.04448,0.562109
-0.2152,-0.694417,-0.0191529,-2.74014,-0.0136924,2.04447,0.560886
-0.216348,-0.693728,-0.0191941,-2.73946,-0.0137216,2.04448,0.559684
-0.217517,-0.693032,-0.0192219,-2.73876,-0.0137635,2.0445,0.558464
-0.218737,-0.692341,-0.019248,-2.73805,-0.0137904,2.04451,0.557221
-0.219928,-0.69164,-0.0192832,-2.73735,-0.0138074,2.04453,0.556011
-0.221122,-0.690925,-0.0193243,-2.73662,-0.0138166,2.04457,0.554812
-0.222335,-0.690222,-0.0193625,-2.73591,-0.0138186,2.04459,0.553621
-0.223526,-0.689503,-0.0194111,-2.73518,-0.0138199,2.04462,0.552409
-0.224709,-0.688785,-0.0194669,-2.73444,-0.0138256,2.04465,0.551198
-0.225862,-0.688045,-0.0195061,-2.73371,-0.0138466,2.04467,0.550018
-0.22702,-0.687283,-0.0195447,-2.73296,-0.013867,2.04468,0.548828
-0.228183,-0.686537,-0.0195728,-2.73223,-0.0138815,2.04467,0.547616
-0.229347,-0.685787,-0.0195935,-2.73149,-0.0139022,2.04467,0.546425
-0.23053,-0.685053,-0.019612,-2.73076,-0.0139275,2.04469,0.545221
-0.23171,-0.684304,-0.0196329,-2.73005,-0.0139359,2.04471,0.544013
-0.232911,-0.683559,-0.0196559,-2.72932,-0.0139377,2.04472,0.542782
-0.23414,-0.682812,-0.0196737,-2.7286,-0.013926,2.04472,0.541539
-0.235345,-0.682053,-0.0197099,-2.72788,-0.0139198,2.04474,0.54033
-0.236572,-0.68129,-0.0197549,-2.72715,-0.0139189,2.04476,0.539097
-0.237766,-0.680543,-0.0198039,-2.72642,-0.0139215,2.04477,0.537868
-0.23897,-0.679786,-0.0198458,-2.72568,-0.0139287,2.04477,0.536629
-0.24017,-0.679036,-0.0198893,-2.72494,-0.0139488,2.04478,0.535388
-0.24135,-0.67826,-0.0199347,-2.7242,-0.0139731,2.04478,0.534165
-0.242555,-0.677478,-0.0199671,-2.72344,-0.0140055,2.04478,0.53291
-0.243769,-0.676704,-0.0199944,-2.7227,-0.0140359,2.04478,0.531657
-0.244992,-0.675911,-0.0200254,-2.72195,-0.0140622,2.04479,0.530395
-0.24623,-0.675119,-0.0200563,-2.72118,-0.014074,2.0448,0.529131
-0.247484,-0.674316,-0.0200938,-2.72041,-0.0140761,2.04481,0.527864
-0.248747,-0.673498,-0.0201249,-2.71964,-0.0140654,2.04483,0.526592
-0.249999,-0.672688,-0.0201698,-2.71888,-0.0140613,2.04486,0.525303
-0.251218,-0.671873,-0.0202072,-2.7181,-0.0140652,2.04488,0.524036
-0.25244,-0.671083,-0.0202471,-2.71731,-0.0140748,2.0449,0.522759
-0.253627,-0.67029,-0.0202788,-2.71653,-0.0140868,2.0449,0.52149
-0.254848,-0.6695,-0.0203047,-2.71572,-0.0141073,2.0449,0.520205
-0.25605,-0.668714,-0.0203261,-2.71491,-0.014128,2.04491,0.518928
-0.257258,-0.667903,-0.0203448,-2.71409,-0.0141397,2.04492,0.517664
-0.25852,-0.667084,-0.0203571,-2.71327,-0.0141439,2.04493,0.516387
-0.25979,-0.666275,-0.0203871,-2.71246,-0.014143,2.04495,0.515131
-0.261041,-0.665443,-0.0204197,-2.71162,-0.0141355,2.04498,0.513849
-0.26232,-0.66461,-0.0204531,-2.71078,-0.0141274,2.04502,0.512571
-0.263564,-0.663762,-0.0204935,-2.70994,-0.014113,2.04505,0.511306
-0.264841,-0.662906,-0.0205419,-2.70908,-0.0141085,2.04507,0.510051
-0.266105,-0.662058,-0.0205733,-2.70823,-0.0141096,2.0451,0.508785
-0.267332,-0.6612,-0.0206018,-2.70738,-0.0141228,2.04512,0.507537
-0.268559,-0.660343,-0.0206331,-2.70651,-0.014152,2.04514,0.506261
-0.269782,-0.659478,-0.0206497,-2.70567,-0.0141786,2.04514,0.50501
-0.271053,-0.658604,-0.0206678,-2.70481,-0.0142095,2.04515,0.503741
-0.272328,-0.657745,-0.0206936,-2.70396,-0.0142315,2.04516,0.502449
-0.2736,-0.656885,-0.020724,-2.70313,-0.0142385,2.04517,0.501176
-0.274894,-0.656031,-0.0207517,-2.70228,-0.0142299,2.0452,0.499879
-0.276159,-0.655154,-0.0207904,-2.70146,-0.0142106,2.04522,0.498614
-0.277428,-0.654283,-0.0208237,-2.70061,-0.0142011,2.04524,0.497319
-0.278708,-0.653415,-0.0208463,-2.69976,-0.0141925,2.04526,0.496018
-0.279942,-0.65253,-0.0208674,-2.69892,-0.0141947,2.04526,0.494726
-0.281183,-0.651633,-0.0208771,-2.69805,-0.0142021,2.04526,0.493429
-0.282424,-0.650732,-0.0208866,-2.6972,-0.0142143,2.04526,0.492156
-0.283664,-0.649826,-0.0208885,-2.69633,-0.0142181,2.04525,0.490858
-0.284937,-0.648933,-0.0209064,-2.69546,-0.0142258,2.04525,0.489545
-0.286183,-0.64801,-0.0209288,-2.69459,-0.0142305,2.04526,0.488236
-0.288786,-0.646143,-0.0209535,-2.69282,-0.0142044,2.04529,0.485584
-0.290071,-0.645201,-0.0209899,-2.69193,-0.014188,2.0453,0.484263
-0.291359,-0.644289,-0.0210164,-2.69102,-0.0141719,2.04532,0.482929
-0.29262,-0.643385,-0.0210376,-2.69013,-0.014173,2.04534,0.48161
-0.293892,-0.642482,-0.021052,-2.6892,-0.0141825,2.04536,0.480277
-0.295158,-0.641584,-0.0210692,-2.68828,-0.0141988,2.04536,0.478941
-0.296422,-0.640673,-0.0210778,-2.68736,-0.0142244,2.04538,0.47764
-0.297707,-0.639751,-0.021096,-2.68644,-0.0142505,2.04538,0.476325
-0.298983,-0.638834,-0.0211238,-2.6855,-0.0142656,2.04539,0.475021
-0.300285,-0.637895,-0.0211475,-2.68454,-0.0142629,2.0454,0.473706
-0.301596,-0.636943,-0.0211694,-2.68356,-0.0142526,2.04542,0.472398
-0.3029,-0.635959,-0.0211952,-2.6826,-0.0142339,2.04546,0.471116
-0.304203,-0.634956,-0.0212162,-2.68161,-0.0142169,2.04549,0.469814
-0.305505,-0.63397,-0.0212249,-2.68065,-0.0142013,2.04553,0.468521
-0.306762,-0.632975,-0.0212376,-2.67968,-0.0141949,2.04556,0.467214
-0.30803,-0.632014,-0.0212354,-2.67871,-0.0141862,2.04556,0.465899
-0.309289,-0.631054,-0.0212248,-2.67776,-0.0141874,2.04557,0.464603
-0.310597,-0.630081,-0.0212313,-2.67679,-0.0141985,2.04557,0.463271
-0.311907,-0.629122,-0.0212468,-2.67585,-0.0142047,2.04557,0.461943
-0.3132,-0.628154,-0.0212559,-2.6749,-0.0141998,2.04557,0.460627
-0.314526,-0.627192,-0.0212598,-2.67394,-0.0141824,2.04557,0.459298
-0.315813,-0.626225,-0.0213054,-2.67298,-0.0141748,2.04558,0.457985
-0.317114,-0.625243,-0.0213627,-2.67202,-0.0141708,2.04559,0.45665
-0.318452,-0.624274,-0.0213921,-2.67105,-0.014181,2.04562,0.455301
-0.319749,-0.623279,-0.0214158,-2.6701,-0.0142011,2.04564,0.453971
-0.32105,-0.622259,-0.0214333,-2.66911,-0.0142065,2.04564,0.452616
-0.322344,-0.621234,-0.02143,-2.66813,-0.0141986,2.04563,0.45128
-0.323657,-0.620191,-0.0214296,-2.66711,-0.0141949,2.04562,0.449942
-0.324984,-0.61916,-0.021445,-2.6661,-0.0141861,2.04562,0.448563
-0.326304,-0.618119,-0.0214556,-2.6651,-0.0141852,2.04562,0.447228
-0.328954,-0.616072,-0.0215021,-2.66307,-0.0141818,2.04566,0.444514
-0.330242,-0.615033,-0.0215219,-2.66202,-0.0141797,2.04567,0.443143
-0.331548,-0.614021,-0.0215226,-2.66096,-0.0141644,2.04568,0.441779
-0.332833,-0.612996,-0.0215131,-2.65993,-0.0141537,2.04568,0.440449
-0.334135,-0.611952,-0.0215071,-2.65886,-0.0141543,2.0457,0.439098
-0.335438,-0.610906,-0.0214962,-2.65778,-0.014138,2.0457,0.437742
-0.336743,-0.609837,-0.021487,-2.65671,-0.0141273,2.04571,0.436403
-0.338064,-0.608768,-0.0214798,-2.65561,-0.0141151,2.04572,0.435053
-0.339363,-0.607695,-0.021484,-2.65455,-0.0140931,2.04574,0.433733
-0.340702,-0.606625,-0.0214963,-2.65348,-0.0140673,2.04575,0.432398
-0.34204,-0.605583,-0.0215315,-2.65239,-0.0140484,2.04577,0.431052
-0.343348,-0.60453,-0.0215638,-2.65135,-0.0140313,2.04579,0.429737
-0.344667,-0.603462,-0.0215761,-2.65029,-0.0140258,2.0458,0.428407
-0.345965,-0.602403,-0.0215819,-2.64923,-0.0140204,2.04579,0.427078
-0.347279,-0.601327,-0.0215767,-2.64816,-0.0140128,2.04578,0.425746
-0.348594,-0.600261,-0.0215743,-2.6471,-0.0140166,2.04577,0.424387
-0.349922,-0.599164,-0.0215701,-2.64603,-0.0140198,2.04576,0.423053
-0.351267,-0.598074,-0.0215676,-2.64495,-0.0140122,2.04575,0.421698
-0.352608,-0.596992,-0.021587,-2.6439,-0.014001,2.04575,0.420336
-0.353948,-0.595897,-0.0216053,-2.64281,-0.0139892,2.04577,0.418991
-0.355286,-0.594783,-0.0216193,-2.64172,-0.0139753,2.04578,0.417635
-0.356595,-0.59363,-0.0216449,-2.64063,-0.0139545,2.04579,0.416288
-0.357922,-0.59248,-0.021643,-2.63951,-0.0139379,2.04579,0.414929
-0.359245,-0.591364,-0.0216366,-2.63839,-0.0139214,2.04578,0.41358
-0.360541,-0.590241,-0.0216381,-2.63726,-0.0138983,2.04577,0.412225
-0.361861,-0.589129,-0.0216318,-2.63611,-0.0138777,2.04576,0.410864
-0.363186,-0.588009,-0.0216161,-2.63497,-0.0138615,2.04575,0.409504
-0.364529,-0.586899,-0.0216132,-2.63384,-0.0138332,2.04575,0.408137
-0.365887,-0.585804,-0.0216217,-2.63266,-0.0138098,2.04576,0.406749
-0.367229,-0.584656,-0.0216291,-2.6315,-0.0137733,2.04576,0.40537
-0.36859,-0.583478,-0.0216419,-2.63029,-0.013743,2.04577,0.403982
-0.369937,-0.582287,-0.0216661,-2.6291,-0.0137205,2.04579,0.402621
-0.371257,-0.581101,-0.0216743,-2.62792,-0.0137015,2.0458,0.401242
-0.372597,-0.579932,-0.0216729,-2.62673,-0.0136997,2.04582,0.399853
-0.373902,-0.578773,-0.0216739,-2.62557,-0.0136965,2.04582,0.3985
-0.375241,-0.577623,-0.0216757,-2.62441,-0.013704,2.04581,0.39714
-0.376611,-0.57648,-0.0216719,-2.62327,-0.0137008,2.0458,0.395809
-0.377949,-0.575313,-0.0216789,-2.62209,-0.0136718,2.04576,0.394447
-0.379304,-0.574161,-0.0216822,-2.62091,-0.0136302,2.04572,0.393096
-0.380641,-0.572957,-0.0216881,-2.61973,-0.013596,2.0457,0.391764
-0.38198,-0.571764,-0.0217064,-2.61854,-0.0135642,2.04568,0.390428
-0.383334,-0.570584,-0.021719,-2.61737,-0.0135411,2.04568,0.389078
-0.384647,-0.569406,-0.0217154,-2.61619,-0.0135327,2.04569,0.387733
-0.385971,-0.568224,-0.0216994,-2.61499,-0.0135198,2.04569,0.386375
-0.387263,-0.567015,-0.0216891,-2.61379,-0.0135047,2.04569,0.385028
-0.388603,-0.565808,-0.0216583,-2.61257,-0.0134746,2.04567,0.383659
-0.389954,-0.564633,-0.0216396,-2.61132,-0.0134467,2.04564,0.382286
-0.391292,-0.563439,-0.0216282,-2.6101,-0.0134032,2.04563,0.380934
-0.394013,-0.561038,-0.02163,-2.6076,-0.0133357,2.04561,0.378202
-0.395351,-0.559829,-0.0216422,-2.60633,-0.0133075,2.0456,0.376825
-0.396682,-0.558612,-0.0216536,-2.60503,-0.0132826,2.04559,0.375434
-0.398007,-0.557366,-0.021648,-2.60375,-0.0132664,2.04558,0.374067
-0.399339,-0.556086,-0.0216419,-2.60245,-0.0132535,2.04558,0.372678
-0.400682,-0.554851,-0.0216314,-2.60119,-0.0132463,2.04557,0.371287
-0.402029,-0.553601,-0.0216194,-2.59992,-0.0132363,2.04555,0.369914
-0.403395,-0.552384,-0.0216159,-2.59865,-0.0132216,2.04553,0.368529
-0.404737,-0.551149,-0.0216198,-2.5974,-0.0131921,2.04551,0.36714
-0.40609,-0.549891,-0.021627,-2.59614,-0.0131601,2.04548,0.365754
-0.407463,-0.548634,-0.0216209,-2.59486,-0.0131218,2.04544,0.36435
-0.408799,-0.547341,-0.0216269,-2.59358,-0.0130823,2.04539,0.362999
-0.410138,-0.546053,-0.0216204,-2.5923,-0.0130562,2.04535,0.361619
-0.411445,-0.544768,-0.0215971,-2.59102,-0.0130364,2.04531,0.360263
-0.412772,-0.543486,-0.0215816,-2.58972,-0.013018,2.04526,0.358889
-0.414111,-0.542233,-0.0215588,-2.58843,-0.012999,2.04522,0.357517
-0.415462,-0.540942,-0.0215349,-2.58713,-0.012973,2.04518,0.35617
-0.416831,-0.53966,-0.021519,-2.58581,-0.0129453,2.04515,0.354809
-0.418193,-0.538399,-0.0215184,-2.58449,-0.0128927,2.04511,0.353459
-0.419533,-0.537104,-0.0215216,-2.58313,-0.0128479,2.04507,0.352111
-0.420912,-0.535827,-0.0215239,-2.58177,-0.0127977,2.04501,0.35076
-0.422246,-0.534537,-0.0215377,-2.58042,-0.0127564,2.04496,0.349424
-0.4236,-0.533248,-0.0215434,-2.57902,-0.0127224,2.04491,0.348061
-0.424949,-0.531975,-0.0215354,-2.57764,-0.0127028,2.04487,0.346695
-0.426264,-0.530645,-0.0215262,-2.57624,-0.0126922,2.04485,0.345341
-0.427625,-0.529327,-0.0215102,-2.57485,-0.0126813,2.04482,0.34398
-0.428986,-0.527997,-0.0214931,-2.5735,-0.012664,2.04479,0.342625
-0.430337,-0.526663,-0.021496,-2.57214,-0.0126435,2.04477,0.341247
-0.431712,-0.525354,-0.0214931,-2.57078,-0.0126117,2.04474,0.339861
-0.43307,-0.524015,-0.0214835,-2.56944,-0.0125709,2.04469,0.338507
-0.434423,-0.522664,-0.0214854,-2.56806,-0.0125291,2.04462,0.337136
-0.435747,-0.52131,-0.0214782,-2.56668,-0.0124893,2.04455,0.33578
-0.437082,-0.519927,-0.0214496,-2.56527,-0.0124552,2.04447,0.334423
-0.438404,-0.518583,-0.0214204,-2.56387,-0.0124209,2.0444,0.33304
-0.439715,-0.517227,-0.0213917,-2.56247,-0.0123957,2.04433,0.331684
-0.44107,-0.515869,-0.0213586,-2.56107,-0.0123623,2.04427,0.330312
-0.442424,-0.514525,-0.0213305,-2.55969,-0.0123339,2.04422,0.328939
-0.443763,-0.513169,-0.0213139,-2.55825,-0.0123023,2.04418,0.327544
-0.44782,-0.509152,-0.021307,-2.5539,-0.0121563,2.044,0.323403
-0.449163,-0.507798,-0.0212979,-2.55243,-0.0120953,2.04392,0.322022
-0.450487,-0.506428,-0.0212825,-2.55092,-0.0120618,2.04385,0.320661
-0.451809,-0.505037,-0.0212741,-2.5494,-0.0120401,2.04379,0.3193
-0.453129,-0.503626,-0.021237,-2.54794,-0.0120124,2.04372,0.317945
-0.454493,-0.502238,-0.0212079,-2.5465,-0.01199,2.04366,0.31661
-0.455861,-0.500858,-0.0212138,-2.54504,-0.011986,2.04361,0.315247
-0.457198,-0.499462,-0.0212031,-2.54363,-0.0119536,2.04355,0.313908
-0.458569,-0.498054,-0.0211901,-2.54217,-0.0119109,2.04348,0.312568
-0.459908,-0.496646,-0.0211792,-2.54071,-0.0118559,2.04339,0.311241
-0.461247,-0.4952,-0.0211672,-2.53923,-0.0117985,2.04329,0.30991
-0.462581,-0.493754,-0.0211521,-2.53771,-0.0117575,2.04319,0.308558
-0.463893,-0.492314,-0.0211214,-2.53621,-0.0117221,2.04308,0.307216
-0.465207,-0.490878,-0.0210977,-2.53471,-0.0116884,2.04297,0.305857
-0.466552,-0.489459,-0.0210628,-2.5332,-0.0116641,2.04286,0.304512
-0.467904,-0.488026,-0.0210244,-2.5317,-0.0116278,2.04277,0.303143
-0.469253,-0.486635,-0.0210094,-2.53016,-0.011589,2.04269,0.301777
-0.470585,-0.485226,-0.0209969,-2.52866,-0.0115389,2.04261,0.300422
-0.471958,-0.483794,-0.0209809,-2.52708,-0.0114784,2.04251,0.299052
-0.473319,-0.482372,-0.0209775,-2.5255,-0.0114118,2.04239,0.297691
-0.474643,-0.480937,-0.020983,-2.52389,-0.0113582,2.04229,0.296328
-0.475983,-0.479508,-0.0209772,-2.52228,-0.0113212,2.04219,0.294968
-0.477297,-0.47802,-0.0209512,-2.52072,-0.0112901,2.04209,0.293609
-0.47863,-0.476531,-0.0209318,-2.51918,-0.0112718,2.042,0.292232
-0.479986,-0.475075,-0.0209003,-2.51764,-0.0112631,2.0419,0.290872
-0.481328,-0.473619,-0.0208867,-2.51612,-0.0112393,2.04179,0.289506
-0.482673,-0.472153,-0.0208802,-2.51457,-0.0111982,2.04167,0.288124
-0.48402,-0.470705,-0.0208633,-2.513,-0.0111442,2.04155,0.286766
-0.48538,-0.469209,-0.0208427,-2.51142,-0.0110806,2.04142,0.285404
-0.486718,-0.467725,-0.0208361,-2.5098,-0.0110308,2.0413,0.284054
-0.488033,-0.466201,-0.0208186,-2.50819,-0.0109888,2.04117,0.282722
-0.489354,-0.464675,-0.0207837,-2.50657,-0.0109529,2.04104,0.281371
-0.490662,-0.463177,-0.0207564,-2.50496,-0.0109322,2.04092,0.280038
-0.491963,-0.461656,-0.0207119,-2.50332,-0.0108989,2.04079,0.278695
-0.493305,-0.460213,-0.0206596,-2.50169,-0.0108608,2.04067,0.277356
-0.494621,-0.458761,-0.0206168,-2.50005,-0.0108143,2.04055,0.276041
-0.495955,-0.457284,-0.020584,-2.49836,-0.0107458,2.04042,0.2747
-0.497304,-0.455821,-0.0205564,-2.49671,-0.0106832,2.0403,0.273377
-0.498631,-0.454317,-0.0205339,-2.49504,-0.0106195,2.04018,0.272067
-0.499948,-0.45278,-0.0205239,-2.49336,-0.0105643,2.04004,0.270743
-0.501263,-0.451196,-0.0204861,-2.49176,-0.0105134,2.0399,0.269432
-0.502578,-0.449652,-0.0204432,-2.49012,-0.0104772,2.03975,0.268109
-0.50388,-0.448154,-0.0203977,-2.4885,-0.0104403,2.03959,0.266777
-0.505183,-0.446696,-0.0203327,-2.48691,-0.0104023,2.03944,0.265481
-0.506511,-0.44524,-0.0202732,-2.48527,-0.0103565,2.03929,0.264153
-0.507818,-0.443805,-0.0202074,-2.48365,-0.0102993,2.03913,0.262848
-0.509127,-0.442323,-0.0201577,-2.482,-0.0102281,2.03897,0.261544
-0.51045,-0.440832,-0.0200938,-2.4803,-0.010159,2.0388,0.260236
-0.511751,-0.439317,-0.0200374,-2.47865,-0.0100953,2.03862,0.258959
-0.513046,-0.437782,-0.0200036,-2.47698,-0.0100579,2.03849,0.257657
-0.514342,-0.436282,-0.0199562,-2.47532,-0.0100366,2.03835,0.256372
-0.515616,-0.434803,-0.0198849,-2.47365,-0.0100045,2.03821,0.255096
-0.516907,-0.433377,-0.0198158,-2.47194,-0.00995631,2.03807,0.253825
-0.518157,-0.43194,-0.0197525,-2.47029,-0.00989634,2.03794,0.25255
-0.51945,-0.430495,-0.0196748,-2.46863,-0.00982165,2.0378,0.251288
-0.520746,-0.429062,-0.0196042,-2.467,-0.00974845,2.03767,0.250004
-0.522004,-0.427588,-0.019556,-2.46537,-0.00968434,2.03752,0.248734
-0.523291,-0.426071,-0.0194987,-2.46372,-0.00962014,2.03737,0.247472
-0.524572,-0.424492,-0.0194517,-2.46208,-0.00954978,2.03722,0.246222
-0.525844,-0.422937,-0.0194187,-2.46045,-0.00948062,2.03706,0.244975
-0.527103,-0.421452,-0.0193898,-2.4588,-0.00941655,2.03691,0.243724
-0.528356,-0.420001,-0.0193375,-2.45718,-0.00934582,2.03676,0.242514
-0.529614,-0.418548,-0.0192783,-2.45555,-0.00928001,2.03662,0.241282
-0.530861,-0.417119,-0.0192115,-2.45393,-0.00922801,2.03647,0.240067
-0.532099,-0.415647,-0.0191242,-2.45226,-0.00916211,2.0363,0.238881
-0.533361,-0.41417,-0.019035,-2.45059,-0.00909766,2.03612,0.237693
-0.534584,-0.412656,-0.0189702,-2.44893,-0.00903026,2.03594,0.236514
-0.535814,-0.41113,-0.018919,-2.44724,-0.00896689,2.03576,0.235338
-0.537069,-0.409628,-0.0188547,-2.44559,-0.00890328,2.0356,0.234159
-0.538287,-0.408162,-0.0188083,-2.44394,-0.00885331,2.03545,0.233001
-0.539498,-0.406762,-0.0187755,-2.44231,-0.00881118,2.03531,0.231829
-0.5407,-0.40536,-0.0187018,-2.44073,-0.00876663,2.03515,0.230661
-0.541903,-0.403929,-0.0186361,-2.43913,-0.0087132,2.03497,0.229485
-0.5431,-0.402504,-0.0185569,-2.43752,-0.00864845,2.03476,0.228305
-0.544275,-0.401017,-0.018464,-2.43591,-0.00856347,2.03453,0.227146
-0.545481,-0.399523,-0.0183627,-2.43427,-0.00848318,2.03431,0.225976
-0.546653,-0.398,-0.0182718,-2.43265,-0.00840569,2.03409,0.22482
-0.547834,-0.39652,-0.0182072,-2.43105,-0.00834328,2.03389,0.223658
-0.54902,-0.395109,-0.0181439,-2.42943,-0.0082943,2.03373,0.222494
-0.550215,-0.393713,-0.0180911,-2.42784,-0.00823745,2.03357,0.221345
-0.551402,-0.392313,-0.0180422,-2.42624,-0.00818455,2.0334,0.220194
-0.552588,-0.390909,-0.0179841,-2.42462,-0.00812022,2.03321,0.219049
-0.553775,-0.389453,-0.0178961,-2.42296,-0.00803451,2.03298,0.217907
-0.554934,-0.388006,-0.0178137,-2.42128,-0.00795457,2.03275,0.216778
-0.55607,-0.386524,-0.0177431,-2.41961,-0.00788505,2.03253,0.215658
-0.557228,-0.385072,-0.0176587,-2.41797,-0.00784314,2.03234,0.214543
-0.558404,-0.383654,-0.0175855,-2.41638,-0.00782239,2.03217,0.213405
-0.559562,-0.382255,-0.0175308,-2.41481,-0.00780553,2.03199,0.212303
-0.560714,-0.380885,-0.0174772,-2.41326,-0.00777713,2.03181,0.211189
-0.561867,-0.37948,-0.0174162,-2.41169,-0.00772457,2.0316,0.210089
-0.563028,-0.378045,-0.0173447,-2.41008,-0.00763986,2.03136,0.208983
-0.564184,-0.376613,-0.0172779,-2.40846,-0.00755237,2.03113,0.207894
-0.565319,-0.37517,-0.0172051,-2.40684,-0.00746703,2.0309,0.206816
-0.566443,-0.37375,-0.0171264,-2.4052,-0.00739825,2.03067,0.205741
-0.56754,-0.372295,-0.0170534,-2.4036,-0.00735096,2.03046,0.204691
-0.568634,-0.370877,-0.016973,-2.40197,-0.00732615,2.03026,0.203624
-0.569742,-0.369489,-0.0168897,-2.40037,-0.00729379,2.03006,0.202568
-0.57083,-0.368119,-0.01679,-2.39878,-0.00725856,2.02987,0.201522
-0.571928,-0.366731,-0.016696,-2.39714,-0.00720521,2.02967,0.200471
-0.573043,-0.365358,-0.016589,-2.39551,-0.00713404,2.02944,0.199429
-0.574135,-0.363955,-0.0164894,-2.39385,-0.00704252,2.02921,0.198416
-0.575219,-0.362557,-0.0164097,-2.39218,-0.00696227,2.02899,0.197383
-0.576304,-0.361148,-0.0163366,-2.39057,-0.00690008,2.02879,0.196373
-0.577397,-0.359746,-0.0162798,-2.38899,-0.00686112,2.0286,0.195352
-0.578485,-0.358362,-0.016236,-2.38743,-0.0068426,2.02841,0.194329
-0.57955,-0.356945,-0.016182,-2.38589,-0.00681257,2.02819,0.19332
-0.580626,-0.355563,-0.016114,-2.38431,-0.0067744,2.02796,0.192306
-0.581677,-0.354177,-0.0160396,-2.38274,-0.00671617,2.02771,0.19131
-0.582732,-0.352795,-0.0159581,-2.38116,-0.00664562,2.02746,0.190299
-0.583794,-0.351423,-0.0158626,-2.37953,-0.00658073,2.02722,0.189279
-0.584839,-0.350064,-0.0157711,-2.37796,-0.00651317,2.02698,0.188274
-0.585893,-0.348679,-0.0156958,-2.37635,-0.00646698,2.02676,0.187267
-0.586908,-0.3473,-0.0156303,-2.37475,-0.00642747,2.02653,0.186268
-0.587954,-0.345888,-0.015559,-2.37315,-0.00638454,2.0263,0.185271
-0.588997,-0.344526,-0.0154797,-2.37153,-0.00634709,2.02608,0.184271
-0.590006,-0.343142,-0.0154186,-2.36993,-0.00629722,2.02585,0.183283
-0.591037,-0.341791,-0.0153378,-2.3683,-0.00624335,2.02562,0.182299
-0.592056,-0.340471,-0.0152573,-2.36669,-0.00618999,2.02539,0.181327
-0.593042,-0.339138,-0.0151657,-2.36507,-0.00613224,2.02514,0.180348
-0.594031,-0.337809,-0.0150742,-2.36348,-0.00608402,2.02491,0.179383
-0.595008,-0.336449,-0.0149774,-2.36193,-0.00604802,2.02468,0.178433
-0.595989,-0.335065,-0.014879,-2.36037,-0.00601783,2.02443,0.177471
-0.596971,-0.333682,-0.0147852,-2.35883,-0.00598033,2.02418,0.176511
-0.597935,-0.332297,-0.0146906,-2.35725,-0.00593147,2.02392,0.175566
-0.598912,-0.33092,-0.0146071,-2.35569,-0.00586842,2.02366,0.174616
-0.599865,-0.329575,-0.0145259,-2.35413,-0.00581677,2.02342,0.173693
-0.600833,-0.328243,-0.014452,-2.35258,-0.00575465,2.02317,0.172733
-0.60183,-0.326954,-0.0143788,-2.351,-0.00570211,2.02293,0.171779
-0.602792,-0.325641,-0.014309,-2.34944,-0.00565334,2.02269,0.170845
-0.603751,-0.32432,-0.0142439,-2.34785,-0.00560675,2.02243,0.169908
-0.604694,-0.323018,-0.0141671,-2.34627,-0.00555409,2.02215,0.168987
-0.60565,-0.321698,-0.0140892,-2.34466,-0.00550403,2.02187,0.168061
-0.606594,-0.320354,-0.0140159,-2.34304,-0.00546179,2.0216,0.167139
-0.607529,-0.319021,-0.0139445,-2.34144,-0.00542274,2.02135,0.16625
-0.608488,-0.317698,-0.0138566,-2.33986,-0.00538078,2.02112,0.165349
-0.609427,-0.316424,-0.0137916,-2.33832,-0.00535218,2.0209,0.164449
-0.61035,-0.315143,-0.0137322,-2.33678,-0.00533101,2.02067,0.163567
-0.611302,-0.313867,-0.0136494,-2.33526,-0.00529752,2.02041,0.162679
-0.61223,-0.312552,-0.0135897,-2.33373,-0.00525796,2.02014,0.161815
-0.613161,-0.311202,-0.0135213,-2.33218,-0.00520027,2.01983,0.160954
-0.614099,-0.30987,-0.0134452,-2.33061,-0.00513072,2.01952,0.160091
-0.615017,-0.308524,-0.0133812,-2.32906,-0.00507353,2.01924,0.159244
-0.615938,-0.307221,-0.0133268,-2.32749,-0.00502785,2.01896,0.158392
-0.616849,-0.305924,-0.0132715,-2.32597,-0.00499358,2.0187,0.157541
-0.61777,-0.304622,-0.0132013,-2.32443,-0.00497932,2.01846,0.156691
-0.618676,-0.303376,-0.0131251,-2.32286,-0.00495246,2.0182,0.155826
-0.619562,-0.302101,-0.0130497,-2.32135,-0.00491299,2.01793,0.154985
-0.620443,-0.300832,-0.0129633,-2.31978,-0.0048783,2.01767,0.154131
-0.621329,-0.29957,-0.0128745,-2.31822,-0.00482994,2.01739,0.153294
-0.622201,-0.298302,-0.0127766,-2.31663,-0.00478134,2.01709,0.152451
-0.623059,-0.297049,-0.012698,-2.31502,-0.004737,2.01682,0.151585
-0.623922,-0.295789,-0.012614,-2.31343,-0.00469667,2.01655,0.150749
-0.624805,-0.294516,-0.0125383,-2.31189,-0.00465956,2.01631,0.149892
-0.625673,-0.293246,-0.0124793,-2.31037,-0.00464539,2.01608,0.149027
-0.626547,-0.291979,-0.012406,-2.30887,-0.00461646,2.01584,0.148178
-0.627424,-0.290707,-0.0123397,-2.30737,-0.00458044,2.0156,0.147335
-0.628286,-0.289421,-0.012286,-2.30585,-0.00453973,2.01534,0.146499
-0.629151,-0.28814,-0.0122305,-2.30432,-0.00448003,2.01505,0.145671
-0.630008,-0.286876,-0.0121706,-2.30277,-0.00442632,2.01478,0.144841
-0.630856,-0.285608,-0.012105,-2.30122,-0.00437909,2.01448,0.14403
-0.631709,-0.284373,-0.0120522,-2.29967,-0.00433864,2.01419,0.14321
-0.632544,-0.283134,-0.0120016,-2.29816,-0.00432132,2.01393,0.14242
-0.633388,-0.281876,-0.0119413,-2.2966,-0.00430551,2.01368,0.141598
-0.634228,-0.280647,-0.0118646,-2.29506,-0.00427802,2.01341,0.140792
-0.635045,-0.279378,-0.0117972,-2.29355,-0.00425148,2.01316,0.139987
-0.635886,-0.278095,-0.011723,-2.29199,-0.00423082,2.0129,0.139191
-0.636734,-0.276852,-0.0116442,-2.29046,-0.00418846,2.01263,0.138414
-0.637547,-0.275606,-0.0115911,-2.2889,-0.00415297,2.01236,0.137625
-0.638355,-0.274392,-0.0115481,-2.28731,-0.00412031,2.0121,0.136835
-0.63916,-0.273177,-0.0114897,-2.2858,-0.00408058,2.01182,0.136078
-0.639987,-0.27197,-0.0114324,-2.28428,-0.00404776,2.01157,0.135304
-0.640804,-0.27077,-0.011389,-2.2828,-0.00402523,2.0113,0.134531
-0.641613,-0.269533,-0.0113357,-2.2813,-0.00399155,2.01101,0.133771
-0.642414,-0.268284,-0.0112663,-2.2798,-0.00394843,2.01073,0.133005
-0.643196,-0.266988,-0.0112097,-2.27829,-0.00390772,2.01044,0.132247
-0.643981,-0.265719,-0.0111385,-2.27678,-0.00386763,2.01015,0.131489
-0.644778,-0.264483,-0.0110772,-2.27527,-0.00383456,2.00989,0.130725
-0.645562,-0.263278,-0.011007,-2.27377,-0.00381892,2.00963,0.129979
-0.646327,-0.262099,-0.0109433,-2.27229,-0.00379527,2.00937,0.129227
-0.647073,-0.260928,-0.0108711,-2.27078,-0.00377405,2.0091,0.128487
-0.647842,-0.25972,-0.0107881,-2.26925,-0.00373075,2.00879,0.127753
-0.648601,-0.258523,-0.0107087,-2.26772,-0.00368378,2.00849,0.127033
-0.649342,-0.257296,-0.0106386,-2.26618,-0.00364482,2.00819,0.126308
-0.650106,-0.256065,-0.0105524,-2.26464,-0.00360115,2.0079,0.125585
-0.650875,-0.254858,-0.010486,-2.26313,-0.00356948,2.00761,0.124884
-0.65161,-0.253634,-0.0104459,-2.26158,-0.00355316,2.00735,0.124167
-0.652361,-0.252434,-0.0103931,-2.26007,-0.00353238,2.00709,0.123447
-0.653125,-0.251234,-0.0103337,-2.25861,-0.00350932,2.00683,0.122747
-0.65388,-0.250025,-0.0102947,-2.25715,-0.00349094,2.00657,0.122018
-0.654646,-0.248846,-0.0102465,-2.25569,-0.00345877,2.00628,0.121311
-0.65539,-0.247644,-0.0101942,-2.25423,-0.00340949,2.00596,0.120613
-0.656137,-0.246449,-0.010141,-2.25273,-0.00336497,2.00564,0.119916
-0.656866,-0.245242,-0.0100973,-2.25126,-0.00332074,2.00532,0.119223
-0.657616,-0.244046,-0.0100451,-2.24977,-0.00329197,2.00501,0.118537
-0.658361,-0.24289,-0.0100025,-2.24827,-0.0032738,2.00473,0.117834
-0.65908,-0.241692,-0.00996227,-2.24682,-0.00327263,2.00445,0.117152
-0.659814,-0.240528,-0.00992136,-2.24534,-0.00326494,2.00418,0.116449
-0.660544,-0.239355,-0.00987446,-2.24388,-0.00324193,2.0039,0.115768
-0.66128,-0.238174,-0.00982761,-2.24239,-0.00322599,2.00363,0.115087
-0.662012,-0.237035,-0.00978281,-2.2409,-0.00319747,2.00334,0.114396
-0.662736,-0.23588,-0.00974019,-2.23943,-0.00316223,2.00304,0.113714
-0.663462,-0.234723,-0.00968873,-2.23793,-0.00312872,2.00274,0.113039
-0.664179,-0.23357,-0.00965075,-2.23643,-0.00309532,2.00243,0.112363
-0.664878,-0.232418,-0.00961114,-2.23493,-0.00306481,2.00213,0.111683
-0.665595,-0.231282,-0.00956802,-2.23346,-0.00304113,2.00183,0.110991
-0.666304,-0.230124,-0.00952734,-2.23204,-0.00303223,2.00156,0.110311
-0.667033,-0.228945,-0.00948905,-2.23062,-0.00302341,2.00127,0.109619
-0.667757,-0.227781,-0.00943802,-2.22924,-0.00300793,2.00098,0.108939
-0.668455,-0.226569,-0.00939526,-2.22781,-0.00299403,2.00067,0.108286
-0.669151,-0.225389,-0.00934533,-2.22637,-0.00296576,2.00035,0.107616
-0.669829,-0.224197,-0.00929534,-2.22497,-0.00293749,2.00003,0.106973
-0.670518,-0.22304,-0.00925228,-2.22353,-0.00292204,1.99971,0.10632
-0.671208,-0.221918,-0.00920949,-2.22208,-0.00290112,1.99939,0.105674
-0.671883,-0.220811,-0.00915918,-2.22067,-0.00287353,1.99906,0.105028
-0.672548,-0.219733,-0.00910915,-2.21924,-0.00285289,1.99874,0.104384
-0.673203,-0.218646,-0.00905717,-2.21781,-0.00282481,1.99842,0.103754
-0.673875,-0.217529,-0.00900185,-2.21637,-0.00279836,1.99811,0.103128
-0.67454,-0.216425,-0.00894625,-2.21493,-0.00277383,1.99782,0.102493
-0.675192,-0.215245,-0.00889242,-2.21349,-0.002757,1.99752,0.101878
-0.675842,-0.214085,-0.00883909,-2.21203,-0.00273243,1.99721,0.101259
-0.676504,-0.212955,-0.00878481,-2.21059,-0.00270907,1.99692,0.100634
-0.67715,-0.21184,-0.00874442,-2.20915,-0.00269497,1.99663,0.100028
-0.677806,-0.210761,-0.00870057,-2.20772,-0.00267684,1.99636,0.0994138
-0.678451,-0.209682,-0.00865159,-2.20635,-0.00265388,1.99608,0.0987955
-0.679102,-0.20858,-0.00860312,-2.20495,-0.00263188,1.99578,0.0981798
-0.679753,-0.207472,-0.00855603,-2.20357,-0.00259556,1.99547,0.0975781
-0.680386,-0.206339,-0.00850782,-2.20219,-0.00256792,1.99513,0.0969853
-0.681023,-0.205205,-0.00846508,-2.20079,-0.0025429,1.9948,0.0963797
-0.68166,-0.204087,-0.00842602,-2.19942,-0.00252217,1.99447,0.0957752
-0.68231,-0.202959,-0.00839468,-2.19803,-0.0025202,1.99418,0.0951772
-0.682965,-0.201872,-0.00836953,-2.19664,-0.00251953,1.99389,0.0945622
-0.683597,-0.200783,-0.00834746,-2.19527,-0.00251234,1.9936,0.0939644
-0.684228,-0.199689,-0.0083252,-2.1939,-0.00249873,1.99332,0.0933526
-0.684867,-0.198607,-0.00829119,-2.19251,-0.00247644,1.99303,0.0927498
-0.685494,-0.197529,-0.0082565,-2.19112,-0.00244428,1.99272,0.0921501
-0.686111,-0.196474,-0.00822846,-2.18969,-0.0024164,1.99241,0.0915558
-0.686725,-0.195413,-0.00818408,-2.18832,-0.00238452,1.99208,0.090979
-0.68733,-0.194353,-0.00815048,-2.18691,-0.0023684,1.99177,0.0903925
-0.68794,-0.193303,-0.00810916,-2.18552,-0.00235169,1.99146,0.0898141
-0.688544,-0.192255,-0.00806713,-2.1841,-0.00233902,1.99116,0.0892429
-0.689156,-0.191214,-0.00802635,-2.1827,-0.00232361,1.99088,0.0886796
-0.689742,-0.190153,-0.00799396,-2.18133,-0.00231898,1.9906,0.0881152
-0.690355,-0.189048,-0.00795787,-2.17997,-0.00230548,1.99031,0.0875521
-0.690958,-0.187968,-0.0079162,-2.17864,-0.00229493,1.99002,0.086994
-0.691557,-0.186887,-0.00787934,-2.1773,-0.00228136,1.98972,0.0864464
-0.69216,-0.185803,-0.00784084,-2.17597,-0.00226827,1.9894,0.0858986
-0.692749,-0.18473,-0.00780773,-2.17464,-0.00224096,1.98907,0.085357
-0.693338,-0.183681,-0.00776769,-2.1733,-0.002216,1.98874,0.0848129
-0.693928,-0.182652,-0.00773313,-2.17194,-0.00218943,1.98841,0.0842811
-0.694507,-0.181623,-0.00769911,-2.17061,-0.00216098,1.98808,0.0837512
-0.695085,-0.180583,-0.00765784,-2.16925,-0.00214145,1.98776,0.0832111
-0.695657,-0.179563,-0.00762028,-2.16792,-0.00212195,1.98744,0.0826793
-0.696239,-0.178534,-0.00757495,-2.16655,-0.00211527,1.98713,0.0821462
-0.696809,-0.177502,-0.0075314,-2.1652,-0.00210829,1.98684,0.0816098
-0.697373,-0.176452,-0.00749688,-2.16384,-0.00210041,1.98654,0.0810881
-0.697936,-0.175402,-0.00745776,-2.1625,-0.00209274,1.98623,0.080556
-0.698489,-0.174348,-0.00741869,-2.16115,-0.00208204,1.98593,0.0800271
-0.699041,-0.17329,-0.00737555,-2.15977,-0.00206011,1.98561,0.0795061
-0.699601,-0.172273,-0.00733273,-2.1584,-0.00203454,1.98531,0.0789783
-0.700144,-0.171259,-0.0072927,-2.15705,-0.00201449,1.985,0.0784644
-0.700692,-0.170252,-0.00724897,-2.15571,-0.00198997,1.9847,0.0779332
-0.701239,-0.16927,-0.00720586,-2.15439,-0.00197468,1.9844,0.0774026
-0.701774,-0.168268,-0.00715934,-2.1531,-0.00196355,1.9841,0.0768864
-0.702315,-0.167274,-0.00711113,-2.15181,-0.00194912,1.9838,0.076365
-0.702847,-0.166257,-0.0070655,-2.15052,-0.00193703,1.98348,0.0758456
-0.703373,-0.165216,-0.00702213,-2.14921,-0.00192858,1.98316,0.0753189
-0.703909,-0.164203,-0.00697117,-2.14791,-0.0019099,1.98282,0.0747989
-0.70445,-0.163178,-0.00693975,-2.14662,-0.00189581,1.9825,0.0742899
-0.70499,-0.162139,-0.00690113,-2.14531,-0.00188605,1.98218,0.073773
-0.705531,-0.161141,-0.00686816,-2.14403,-0.00186819,1.98188,0.0732541
-0.706066,-0.160145,-0.00684126,-2.14272,-0.00184828,1.98157,0.0727294
-0.706593,-0.159177,-0.00681619,-2.14143,-0.00183402,1.98127,0.0722152
-0.707125,-0.158218,-0.00678904,-2.14013,-0.00181439,1.98096,0.0717138
-0.707659,-0.157243,-0.00675247,-2.13883,-0.00179225,1.98065,0.0712009
-0.708182,-0.156275,-0.00672649,-2.13751,-0.00178138,1.98033,0.0706943
-0.708701,-0.155304,-0.00669104,-2.13621,-0.00176671,1.98,0.0702005
-0.709227,-0.154355,-0.00666498,-2.1349,-0.00175969,1.97968,0.0697196
-0.709746,-0.153389,-0.00664259,-2.1336,-0.00175274,1.97938,0.0692298
-0.710267,-0.152433,-0.00662439,-2.13229,-0.00175587,1.97909,0.0687462
-0.710789,-0.151487,-0.00660825,-2.13097,-0.00175745,1.97881,0.0682628
-0.711304,-0.150507,-0.00658229,-2.1297,-0.00175712,1.97853,0.0677928
-0.711819,-0.149537,-0.00656022,-2.12843,-0.00174822,1.97823,0.067317
-0.712315,-0.148538,-0.00653461,-2.12718,-0.00173744,1.97793,0.0668525
-0.712833,-0.147531,-0.00650587,-2.12593,-0.00172082,1.97762,0.0663794
-0.713333,-0.146555,-0.0064721,-2.12469,-0.0016997,1.97729,0.0659084
-0.71382,-0.145569,-0.00643573,-2.12348,-0.00167697,1.97698,0.0654461
-0.714316,-0.144603,-0.00639867,-2.12224,-0.00165872,1.97666,0.0649861
-0.714797,-0.143685,-0.00636501,-2.12104,-0.00164728,1.97635,0.0645304
-0.715282,-0.142773,-0.00633731,-2.11979,-0.00163919,1.97604,0.0640632
-0.71577,-0.141863,-0.00630046,-2.11857,-0.00163258,1.97573,0.0636014
-0.716256,-0.140941,-0.00626761,-2.11733,-0.00162357,1.97541,0.0631491
-0.716746,-0.140004,-0.00623184,-2.11609,-0.00160866,1.97509,0.0626904
-0.717219,-0.139078,-0.00620121,-2.11482,-0.00159462,1.97478,0.0622359
-0.71771,-0.138135,-0.00616709,-2.11358,-0.00157489,1.97449,0.0617882
-0.718184,-0.137197,-0.00613655,-2.11232,-0.00156113,1.9742,0.0613439
-0.718653,-0.136234,-0.00610748,-2.11108,-0.00154299,1.9739,0.0609068
-0.719133,-0.135298,-0.00606999,-2.10985,-0.00153458,1.9736,0.0604628
-0.719602,-0.134386,-0.00604519,-2.1086,-0.00153009,1.97332,0.0600142
-0.72007,-0.133462,-0.00601849,-2.10736,-0.00152085,1.97301,0.0595825
-0.720536,-0.132563,-0.00598504,-2.1061,-0.00150361,1.97272,0.0591406
-0.720997,-0.131668,-0.00594655,-2.10487,-0.00148662,1.97242,0.058716
-0.721451,-0.130775,-0.00591696,-2.10364,-0.00147632,1.97215,0.0582864
-0.721912,-0.129884,-0.00589349,-2.10242,-0.00146968,1.97187,0.0578597
-0.72236,-0.128986,-0.00585888,-2.10125,-0.00147179,1.97159,0.0574369
-0.72282,-0.128073,-0.00583105,-2.10005,-0.00147291,1.9713,0.0570087
-0.723281,-0.127169,-0.00579842,-2.09889,-0.00147342,1.97099,0.0565879
-0.723723,-0.126255,-0.00577106,-2.09771,-0.00146453,1.97069,0.0561624
-0.724175,-0.125341,-0.00574351,-2.09652,-0.00144997,1.97038,0.0557308
-0.724609,-0.124414,-0.00571256,-2.09535,-0.00142479,1.97008,0.0553119
-0.725057,-0.123496,-0.00567796,-2.09417,-0.00139576,1.96978,0.0548887
-0.7255,-0.122588,-0.00564846,-2.09301,-0.00137871,1.96949,0.0544695
-0.725932,-0.121678,-0.00561565,-2.09182,-0.0013638,1.9692,0.0540492
-0.726364,-0.120798,-0.00557506,-2.09064,-0.00135249,1.9689,0.0536215
-0.726791,-0.119917,-0.00554532,-2.08948,-0.0013453,1.9686,0.0532033
-0.727211,-0.119044,-0.0055052,-2.0883,-0.00134095,1.96829,0.0527921
-0.727637,-0.118185,-0.00546263,-2.08711,-0.00133622,1.96799,0.0523791
-0.728057,-0.117338,-0.00542017,-2.08595,-0.00133195,1.9677,0.0519752
-0.728477,-0.116502,-0.00538398,-2.08477,-0.00133513,1.96741,0.0515729
-0.728892,-0.115654,-0.00535377,-2.08361,-0.00132913,1.96711,0.0511789
-0.729319,-0.114799,-0.00532741,-2.08244,-0.00132546,1.96682,0.0507902
-0.729744,-0.113944,-0.00529946,-2.08125,-0.00131796,1.96653,0.0503952
-0.730169,-0.113075,-0.00527533,-2.08005,-0.00130911,1.96624,0.0500159
-0.730604,-0.112209,-0.00524088,-2.07886,-0.00128641,1.96596,0.049631
-0.731026,-0.111363,-0.00521719,-2.0777,-0.00127572,1.96569,0.0492469
-0.731439,-0.110479,-0.00520756,-2.07655,-0.00126424,1.96541,0.0488703
-0.731854,-0.109605,-0.0051733,-2.07541,-0.00125252,1.96514,0.0484822
-0.732273,-0.108734,-0.00514131,-2.07431,-0.0012407,1.96486,0.048105
-0.732678,-0.107869,-0.00511703,-2.07322,-0.00124144,1.96457,0.0477321
-0.733086,-0.107034,-0.00509301,-2.07211,-0.00124497,1.96427,0.0473533
-0.73349,-0.10621,-0.00506406,-2.07104,-0.00123932,1.96394,0.0469776
-0.733899,-0.105405,-0.00503653,-2.06994,-0.00124037,1.96363,0.0466004
-0.734297,-0.104587,-0.00501625,-2.06886,-0.00123583,1.96331,0.0462322
-0.734704,-0.103773,-0.00499625,-2.06777,-0.00123144,1.96299,0.0458619
-0.735112,-0.102981,-0.0049781,-2.06665,-0.0012185,1.96268,0.0454863
-0.735509,-0.102173,-0.0049641,-2.06556,-0.00121334,1.96238,0.0451214
-0.735912,-0.101358,-0.0049589,-2.06446,-0.00120998,1.9621,0.0447484
-0.736311,-0.100542,-0.00494059,-2.06335,-0.00120125,1.9618,0.0443892
-0.736714,-0.0997108,-0.00491882,-2.06222,-0.00119525,1.9615,0.0440166
-0.737109,-0.0988958,-0.00489934,-2.06109,-0.00118259,1.96121,0.043649
-0.737487,-0.0980805,-0.00487644,-2.05999,-0.00117292,1.96091,0.0432865
-0.737874,-0.0972675,-0.0048551,-2.05888,-0.00116158,1.96062,0.042929
-0.739001,-0.0948801,-0.00476573,-2.05559,-0.00114764,1.95976,0.0418481
-0.739362,-0.0940863,-0.00473645,-2.0545,-0.00114354,1.95947,0.0414978
-0.739736,-0.0932959,-0.00471252,-2.0534,-0.00113575,1.95918,0.0411466
-0.740111,-0.0925237,-0.00467915,-2.0523,-0.00112975,1.95891,0.0407872
-0.74048,-0.0917495,-0.00465395,-2.05124,-0.00112659,1.95865,0.0404406
-0.740839,-0.0909856,-0.00463212,-2.05017,-0.00112166,1.95838,0.0400927
-0.741199,-0.0902125,-0.00460447,-2.04912,-0.00111738,1.95811,0.0397492
-0.741559,-0.089412,-0.00457412,-2.04808,-0.00110773,1.95782,0.0394049
-0.741925,-0.0886224,-0.004544,-2.04703,-0.00109491,1.95755,0.0390566
-0.742282,-0.0878209,-0.00451793,-2.046,-0.00108581,1.95727,0.0387222
-0.742636,-0.0870252,-0.00449155,-2.04496,-0.00107231,1.95699,0.038383
-0.742986,-0.0862439,-0.00446377,-2.04394,-0.0010599,1.9567,0.0380534
-0.743342,-0.0854712,-0.00443598,-2.04291,-0.00104919,1.95642,0.0377229
-0.743706,-0.08471,-0.004408,-2.04188,-0.00104184,1.95616,0.0373882
-0.744057,-0.0839375,-0.00438581,-2.04087,-0.00103975,1.95588,0.0370481
-0.744407,-0.0831758,-0.00435079,-2.03984,-0.00103208,1.95561,0.0367114
-0.744759,-0.0824382,-0.00432448,-2.03882,-0.00102565,1.95533,0.0363904
-0.7451,-0.081694,-0.00430062,-2.03779,-0.00101508,1.95505,0.0360578
-0.745454,-0.0809696,-0.00427831,-2.03677,-0.00101036,1.95479,0.0357229
-0.74579,-0.0802406,-0.00425421,-2.03576,-0.00100587,1.95451,0.0353935
-0.746137,-0.0795155,-0.004232,-2.03471,-0.000996967,1.95423,0.0350667
-0.746482,-0.0788032,-0.00421266,-2.03367,-0.000990254,1.95397,0.0347398
-0.746822,-0.0780796,-0.00419854,-2.03265,-0.000985702,1.95371,0.0344163
-0.747164,-0.0773497,-0.00418114,-2.03163,-0.000984516,1.95344,0.0340795
-0.747498,-0.0766157,-0.00416813,-2.03061,-0.000981535,1.95318,0.0337563
-0.747847,-0.0758708,-0.00415166,-2.02958,-0.000975929,1.95292,0.0334326
-0.748191,-0.0751488,-0.00413385,-2.02854,-0.00096761,1.95267,0.0331064
-0.748521,-0.0744102,-0.0041129,-2.02752,-0.000960522,1.95242,0.0327941
-0.748855,-0.0736877,-0.00409202,-2.0265,-0.00095849,1.95217,0.0324693
-0.749181,-0.0729805,-0.00407451,-2.0255,-0.000957643,1.95192,0.0321433
-0.749515,-0.0722608,-0.00405004,-2.02451,-0.00095592,1.95166,0.0318387
-0.749837,-0.0715572,-0.00403299,-2.02354,-0.000958906,1.9514,0.031534
-0.750154,-0.0708487,-0.00400729,-2.02259,-0.000961393,1.95114,0.0312329
-0.750465,-0.0701212,-0.00398835,-2.02164,-0.000959103,1.95086,0.0309292
-0.750788,-0.069413,-0.0039546,-2.0207,-0.000955762,1.95058,0.0306342
-0.751094,-0.0686924,-0.00393112,-2.01977,-0.000950605,1.95031,0.0303495
-0.751409,-0.067978,-0.00390597,-2.01884,-0.000949531,1.95003,0.030057
-0.751717,-0.0672594,-0.00388537,-2.01793,-0.000951817,1.94976,0.0297707
-0.752029,-0.0665487,-0.00386071,-2.017,-0.000953631,1.9495,0.0294808
-0.752343,-0.0658562,-0.00383451,-2.01606,-0.000952268,1.94923,0.0291981
-0.75265,-0.065161,-0.00381207,-2.01514,-0.000946355,1.94896,0.0289205
-0.752951,-0.0644921,-0.00378226,-2.0142,-0.000941222,1.94869,0.028636
-0.753245,-0.0638088,-0.00375509,-2.01327,-0.000934255,1.94842,0.0283591
-0.753546,-0.0631256,-0.00372694,-2.01233,-0.000926126,1.94815,0.0280869
-0.753841,-0.0624607,-0.00369198,-2.01138,-0.000914583,1.94788,0.0278074
-0.754127,-0.0617925,-0.00366523,-2.01046,-0.000916085,1.94763,0.0275367
-0.754416,-0.0611372,-0.00363407,-2.00953,-0.000917654,1.94738,0.0272546
-0.754714,-0.0604925,-0.00360377,-2.00861,-0.00092278,1.94713,0.0269742
-0.755003,-0.0598464,-0.00357727,-2.00768,-0.000923497,1.94688,0.0267057
-0.755294,-0.0591984,-0.00355289,-2.00674,-0.000921769,1.94663,0.0264338
-0.755573,-0.0585334,-0.00352271,-2.00582,-0.000916005,1.94638,0.0261664
-0.755864,-0.0578436,-0.00349765,-2.0049,-0.000907268,1.94614,0.0258956
-0.756158,-0.0571692,-0.00346696,-2.00399,-0.000896176,1.94589,0.0256274
-0.756447,-0.0565024,-0.00344034,-2.00306,-0.000887867,1.94564,0.025368
-0.756726,-0.0558631,-0.00342528,-2.00215,-0.000882986,1.9454,0.0251017
-0.756999,-0.0552263,-0.00340535,-2.00124,-0.000881309,1.94516,0.0248335
-0.757287,-0.0546029,-0.00338063,-2.00034,-0.000874875,1.94493,0.0245659
-0.757573,-0.0539905,-0.00335795,-1.99944,-0.000873799,1.94469,0.0242994
-0.757842,-0.0533696,-0.00333863,-1.99857,-0.000867837,1.94445,0.0240443
-0.758107,-0.0527536,-0.00331143,-1.99769,-0.000864688,1.9442,0.0237823
-0.758383,-0.0521495,-0.00328726,-1.99684,-0.00086302,1.94395,0.0235264
-0.758655,-0.051528,-0.00327069,-1.99598,-0.00086276,1.94369,0.0232707
-0.758929,-0.0509143,-0.00325267,-1.99513,-0.000863793,1.94343,0.0230146
-0.759193,-0.0502898,-0.00323416,-1.9943,-0.000863255,1.94317,0.0227664
-0.759467,-0.049655,-0.00321716,-1.99347,-0.00086556,1.94291,0.0225156
-0.759748,-0.0490327,-0.00320056,-1.99264,-0.000859402,1.94265,0.0222578
-0.760017,-0.0484031,-0.00318633,-1.9918,-0.000852874,1.9424,0.0220163
-0.76029,-0.0477944,-0.00316704,-1.99096,-0.000846019,1.94216,0.0217641
-0.760555,-0.0471924,-0.0031572,-1.99014,-0.000835519,1.9419,0.0215214
-0.760815,-0.0465831,-0.00314447,-1.98931,-0.000827976,1.94165,0.0212673
-0.761092,-0.0459898,-0.00313004,-1.98848,-0.000824673,1.94141,0.0210216
-0.761351,-0.0453946,-0.00310873,-1.98765,-0.00082264,1.94116,0.0207793
-0.761609,-0.0448231,-0.00309636,-1.98682,-0.000820767,1.94092,0.0205293
-0.761863,-0.0442463,-0.00307842,-1.98601,-0.000821524,1.94068,0.0202915
-0.762116,-0.0436648,-0.00306457,-1.98518,-0.000821192,1.94043,0.0200492
-0.762369,-0.0430943,-0.00304912,-1.98436,-0.000822099,1.94021,0.0198035
-0.762623,-0.0425118,-0.0030348,-1.98354,-0.000822875,1.93998,0.0195717
-0.762876,-0.0419376,-0.00301937,-1.98272,-0.000819438,1.93975,0.0193363
-0.76312,-0.0413635,-0.00301054,-1.98192,-0.000817445,1.93952,0.0191081
-0.763371,-0.0407684,-0.00300186,-1.9811,-0.000816713,1.9393,0.0188809
-0.763624,-0.0401753,-0.00297866,-1.98027,-0.00081284,1.93908,0.0186449
-0.763871,-0.0396006,-0.00296148,-1.97947,-0.000802971,1.93887,0.0184212
-0.764107,-0.0390292,-0.0029515,-1.97867,-0.000801707,1.93866,0.0181915
-0.764354,-0.038483,-0.00294151,-1.97789,-0.000796123,1.93845,0.017962
-0.764595,-0.037932,-0.00292075,-1.97709,-0.000791507,1.93824,0.0177289
-0.764839,-0.0373907,-0.0029017,-1.97628,-0.00079013,1.93803,0.0175011
-0.765076,-0.0368374,-0.00288599,-1.97549,-0.000789933,1.93783,0.0172781
-0.76531,-0.0362951,-0.00286908,-1.9747,-0.000783112,1.93763,0.0170533
-0.765541,-0.0357603,-0.00284778,-1.97393,-0.000784873,1.93743,0.0168228
-0.765772,-0.0352289,-0.00283337,-1.97317,-0.000785723,1.93723,0.016605
-0.766017,-0.0346943,-0.00281671,-1.97241,-0.000786413,1.93703,0.0163789
-0.766247,-0.0341641,-0.00279521,-1.97167,-0.000784676,1.93682,0.0161603
-0.766467,-0.0336178,-0.00278065,-1.97093,-0.000779961,1.93661,0.0159479
-0.766695,-0.033082,-0.00276755,-1.97019,-0.00077727,1.9364,0.0157328
-0.76692,-0.0325397,-0.00274576,-1.96947,-0.000772066,1.93618,0.015522
-0.76715,-0.0319945,-0.00272423,-1.96875,-0.000769476,1.93597,0.0153113
-0.767367,-0.0314618,-0.00271085,-1.96805,-0.000772376,1.93575,0.0151081
-0.767589,-0.0309274,-0.00269128,-1.96735,-0.000773343,1.93553,0.0148939
-0.767819,-0.0304121,-0.00267309,-1.96665,-0.000773284,1.93532,0.0146865
-0.768042,-0.0299052,-0.00265638,-1.96597,-0.000772789,1.93511,0.0144907
-0.768255,-0.0293897,-0.00264349,-1.96529,-0.000774456,1.9349,0.0142861
-0.768474,-0.0288926,-0.00262001,-1.9646,-0.000771688,1.93469,0.0140821
-0.76869,-0.0283852,-0.00259968,-1.96391,-0.000769714,1.93446,0.013893
-0.768897,-0.027896,-0.00258689,-1.9632,-0.000768378,1.93424,0.0136998
-0.769114,-0.0274022,-0.00256817,-1.96251,-0.000768984,1.93403,0.0135146
-0.769329,-0.0269199,-0.00255387,-1.96182,-0.000767109,1.93382,0.0133233
-0.769548,-0.0264432,-0.00253419,-1.96114,-0.000765433,1.93361,0.0131325
-0.769747,-0.0259666,-0.00253025,-1.96044,-0.0007664,1.93341,0.0129501
-0.769963,-0.0254915,-0.00251188,-1.95975,-0.00076557,1.93322,0.0127678
-0.770176,-0.0250055,-0.00249779,-1.95906,-0.000763597,1.93303,0.0125864
-0.770384,-0.0245183,-0.00248606,-1.95837,-0.000759676,1.93284,0.0124027
-0.770578,-0.024045,-0.00247029,-1.95769,-0.000757996,1.93267,0.0122256
-0.770791,-0.0235612,-0.00245651,-1.957,-0.00075764,1.93248,0.0120528
-0.770997,-0.0230866,-0.00244294,-1.95632,-0.000754325,1.9323,0.0118655
-0.771197,-0.0226338,-0.002431,-1.95566,-0.000757188,1.93212,0.0116956
-0.771388,-0.0221684,-0.0024199,-1.95498,-0.000760685,1.93194,0.0115146
-0.771593,-0.0217261,-0.00240507,-1.95432,-0.000760562,1.93177,0.0113358
-0.771786,-0.0212706,-0.00239226,-1.95367,-0.000757266,1.9316,0.0111629
-0.771977,-0.020811,-0.00237947,-1.95302,-0.000757863,1.93142,0.0109901
-0.77217,-0.0203581,-0.00236863,-1.95237,-0.000757248,1.93125,0.0108144
-0.772362,-0.0199007,-0.00235733,-1.95172,-0.000752118,1.93107,0.01064
-0.772552,-0.019453,-0.00234189,-1.95108,-0.00074973,1.93089,0.0104695
-0.772747,-0.0190075,-0.00232887,-1.95044,-0.000750697,1.93072,0.0103033
-0.772932,-0.0185648,-0.00231583,-1.94981,-0.000749256,1.93055,0.0101314
-0.77312,-0.0181327,-0.0023076,-1.94916,-0.000747343,1.93039,0.0099569
-0.7733,-0.0176953,-0.00228928,-1.94853,-0.000746265,1.93022,0.00979949
-0.773484,-0.0172616,-0.00227447,-1.94792,-0.000746516,1.93005,0.00963527
-0.773665,-0.0168345,-0.00226165,-1.9473,-0.000739233,1.92988,0.00946959
-0.77384,-0.0163935,-0.00224524,-1.9467,-0.000740772,1.9297,0.00930086
-0.774022,-0.0159744,-0.00222912,-1.94609,-0.000741116,1.92952,0.00913813
-0.7742,-0.0155511,-0.00221058,-1.94552,-0.000738348,1.92935,0.00897747
-0.774376,-0.0151351,-0.00219514,-1.94495,-0.000737756,1.92917,0.00881799
-0.774544,-0.014711,-0.00218194,-1.94437,-0.000739221,1.92901,0.00865889
-0.774716,-0.0142889,-0.00216624,-1.94381,-0.000739573,1.92883,0.00850525
-0.774885,-0.0138738,-0.00214478,-1.94326,-0.000738131,1.92865,0.0083442
-0.775055,-0.0134583,-0.00212883,-1.94271,-0.000736768,1.92847,0.00818991
-0.775226,-0.0130227,-0.0021201,-1.94215,-0.000738077,1.92829,0.00803869
-0.77539,-0.0126236,-0.00210246,-1.94161,-0.00073614,1.92811,0.00788137
-0.775547,-0.012209,-0.00208861,-1.94107,-0.000730908,1.92794,0.00772894
-0.775716,-0.0118184,-0.00207696,-1.94054,-0.000729232,1.92777,0.00758415
-0.775886,-0.0114306,-0.0020576,-1.94002,-0.000725622,1.92761,0.00744212
-0.77605,-0.0110371,-0.00204532,-1.93949,-0.000727436,1.92744,0.00729511
-0.7762,-0.0106479,-0.00203103,-1.93896,-0.000725523,1.92727,0.00715394
-0.776355,-0.0102676,-0.00201191,-1.93844,-0.0007218,1.9271,0.0070161
-0.776515,-0.00988745,-0.00199877,-1.93791,-0.000718957,1.92693,0.00687523
-0.776671,-0.00951119,-0.00198736,-1.9374,-0.000718993,1.92678,0.00674304
-0.776825,-0.00914161,-0.00196975,-1.93688,-0.000722565,1.92662,0.00660355
-0.776976,-0.00878111,-0.00195962,-1.93636,-0.00072056,1.92647,0.00646618
-0.777119,-0.00842103,-0.00194077,-1.93585,-0.000722096,1.92632,0.00633767
-0.777277,-0.00805997,-0.00192717,-1.93533,-0.000720403,1.92617,0.00620735
-0.777432,-0.0077124,-0.00190836,-1.93483,-0.00072028,1.92602,0.00607592
-0.777581,-0.00735727,-0.00189627,-1.93431,-0.000722723,1.92587,0.00594312
-0.777723,-0.00701622,-0.001884,-1.9338,-0.000716001,1.92572,0.00581259
-0.777865,-0.00667338,-0.00187185,-1.9333,-0.000713353,1.92559,0.00568027
-0.778012,-0.00633243,-0.00185705,-1.9328,-0.000705952,1.92545,0.00555403
-0.778158,-0.00599831,-0.00183478,-1.93231,-0.000707452,1.92533,0.0054259
-0.778301,-0.00565628,-0.0018232,-1.93182,-0.000708393,1.92519,0.00529595
-0.77844,-0.00532884,-0.00180822,-1.93134,-0.000714166,1.92506,0.00516374
-0.778573,-0.00499552,-0.00179173,-1.93086,-0.000714734,1.92493,0.00504109
-0.778705,-0.00466301,-0.00177679,-1.93038,-0.00071472,1.92479,0.00491593
-0.778838,-0.00434106,-0.00176329,-1.92991,-0.000714105,1.92466,0.0047936
-0.778978,-0.00401941,-0.00174813,-1.92944,-0.000712781,1.92453,0.00466559
-0.779112,-0.00371062,-0.00172909,-1.92898,-0.000713492,1.9244,0.00454815
-0.779245,-0.00339566,-0.001717,-1.92852,-0.000706939,1.92427,0.00443084
-0.779371,-0.00307075,-0.0017001,-1.92806,-0.000707909,1.92414,0.00431476
-0.779491,-0.00277163,-0.0016877,-1.92761,-0.000706231,1.92401,0.00419299
-0.779618,-0.00245711,-0.0016706,-1.92717,-0.000707435,1.92388,0.00407455
-0.779747,-0.00214736,-0.00165341,-1.92673,-0.000708006,1.92375,0.00396274
-0.779873,-0.00185144,-0.00163813,-1.9263,-0.000709315,1.92363,0.00384532
-0.779997,-0.00155253,-0.00161887,-1.92587,-0.000709311,1.9235,0.00373732
-0.780118,-0.00126327,-0.00160457,-1.92544,-0.000707987,1.92338,0.00362865
-0.780233,-0.000973437,-0.00158535,-1.92502,-0.000707376,1.92326,0.00352034
-0.780353,-0.000686662,-0.00157052,-1.9246,-0.000704731,1.92313,0.00340907
-0.780467,-0.000406724,-0.00154741,-1.92418,-0.000705341,1.92301,0.00330358
-0.780586,-0.00012983,-0.0015335,-1.92377,-0.000703409,1.92289,0.00319716
-0.780703,0.000143934,-0.00151821,-1.92337,-0.000700823,1.92278,0.00309438
-0.780812,0.000411002,-0.00150414,-1.92296,-0.000699758,1.92265,0.00300318
-0.780924,0.000678698,-0.00148823,-1.92257,-0.000700115,1.92253,0.00290137
-0.781041,0.000944018,-0.00146866,-1.92217,-0.000699997,1.92241,0.00280103
-0.781145,0.00120893,-0.00145631,-1.92179,-0.000702602,1.9223,0.00270295
-0.781253,0.00146859,-0.00144033,-1.9214,-0.000701877,1.92219,0.00260978
-0.781362,0.00172354,-0.00141907,-1.92103,-0.000702584,1.92207,0.00251552
-0.78147,0.0019824,-0.00140884,-1.92066,-0.000701871,1.92196,0.00242528
-0.781579,0.00222689,-0.00139524,-1.9203,-0.000702582,1.92185,0.00232772
-0.781686,0.00248273,-0.00138117,-1.91995,-0.000700548,1.92175,0.00223863
-0.781789,0.00274096,-0.00136527,-1.9196,-0.000700548,1.92164,0.0021443
-0.78189,0.00297914,-0.00135126,-1.91925,-0.000698615,1.92153,0.00205594
-0.781996,0.00322249,-0.00133335,-1.91892,-0.00069597,1.92142,0.00196457
-0.782091,0.00345543,-0.00132145,-1.91858,-0.000696742,1.92131,0.0018766
-0.782193,0.00368768,-0.00130423,-1.91826,-0.000693744,1.9212,0.00179127
-0.782301,0.00392146,-0.00129062,-1.91793,-0.000695321,1.92109,0.00170398
-0.782393,0.00414639,-0.001281,-1.91762,-0.00069388,1.92098,0.00161596
-0.782488,0.004377,-0.00126546,-1.91731,-0.000696486,1.92088,0.00153108
-0.782585,0.00458633,-0.00125603,-1.91699,-0.000696473,1.92078,0.00144468
-0.782682,0.00481202,-0.00123592,-1.9167,-0.000695146,1.92068,0.00136182
-0.782866,0.00524201,-0.00122284,-1.9161,-0.000696466,1.92048,0.00120143
-0.782959,0.00545494,-0.00120885,-1.91581,-0.000697077,1.92039,0.00112024
-0.783053,0.00565411,-0.00119993,-1.91552,-0.000694432,1.92029,0.00104085
-0.783143,0.00586381,-0.0011903,-1.91524,-0.000696466,1.9202,0.00096516
-0.783237,0.00607007,-0.00117902,-1.91496,-0.000695144,1.92011,0.000888668
-0.783495,0.00665289,-0.00115281,-1.91414,-0.000692558,1.91986,0.000666787
-0.783579,0.00684462,-0.00113902,-1.91388,-0.000692205,1.91979,0.000601846
-0.783657,0.00703137,-0.0011323,-1.91363,-0.000695656,1.91971,0.000533448
-0.78374,0.00720903,-0.00111718,-1.91337,-0.000696603,1.91963,0.000462483
-0.783819,0.00739182,-0.00110899,-1.9131,-0.000694435,1.91956,0.000398266
-0.783906,0.00758413,-0.00109672,-1.91286,-0.000696671,1.9195,0.00033507
-0.783987,0.00776107,-0.00108689,-1.91261,-0.000695381,1.91943,0.000270763
-0.784064,0.0079274,-0.0010864,-1.91236,-0.000693756,1.91937,0.000210504
-0.784139,0.0080967,-0.00107104,-1.91213,-0.000692164,1.91931,0.000155153
-0.784211,0.00826484,-0.00106602,-1.91191,-0.000693159,1.91924,9.74041e-05
-0.784287,0.00843633,-0.00105407,-1.91167,-0.000691727,1.91918,3.83807e-05
-0.784358,0.00859232,-0.00104536,-1.91144,-0.000696819,1.91912,-1.73969e-05
-0.784432,0.00875327,-0.00103171,-1.91122,-0.000692032,1.91906,-6.8778e-05
-0.784495,0.00890464,-0.00101557,-1.91102,-0.000690707,1.919,-0.000122754
-0.784561,0.00906116,-0.00100501,-1.91081,-0.000691079,1.91894,-0.000176612
-0.784631,0.00921245,-0.000997044,-1.9106,-0.000692322,1.91889,-0.000229481
-0.784699,0.00935951,-0.000986888,-1.9104,-0.00069433,1.91884,-0.000286267
-0.784765,0.00949996,-0.000970805,-1.9102,-0.000694322,1.91878,-0.000337595
-0.784828,0.00963932,-0.000961747,-1.91001,-0.000693607,1.91873,-0.000385713
-0.784894,0.0097721,-0.00094751,-1.90982,-0.000693606,1.91868,-0.000431709
-0.784953,0.00990649,-0.000939529,-1.90963,-0.000693605,1.91862,-0.000479499
-0.785013,0.0100397,-0.000927696,-1.90946,-0.000692283,1.91857,-0.00052392