-0.997244,-0.429893,0.00402525,-2.41099,-0.00207667,1.97476,-0.218175
-0.99724,-0.429882,0.00403651,-2.41099,-0.00207823,1.97476,-0.218174
-0.997237,-0.429864,0.00404443,-2.41099,-0.00207749,1.97476,-0.218175
-0.997234,-0.429856,0.00404873,-2.411,-0.00207331,1.97476,-0.218173
-0.997227,-0.429838,0.00405257,-2.411,-0.0020708,1.97476,-0.218175
-0.997223,-0.429832,0.00405783,-2.411,-0.00207156,1.97476,-0.218176
-0.997218,-0.429816,0.00407098,-2.41101,-0.00207351,1.97476,-0.218177
-0.997214,-0.429809,0.00407868,-2.41101,-0.00207351,1.97476,-0.218172
-0.997204,-0.429795,0.0040992,-2.41101,-0.00207225,1.97476,-0.218167
-0.997183,-0.429784,0.00411098,-2.41101,-0.00206738,1.97476,-0.218172
-0.997163,-0.429777,0.00414652,-2.41102,-0.00205819,1.97476,-0.218163
-0.997135,-0.429762,0.00419718,-2.41102,-0.00204497,1.97475,-0.218147
-0.997099,-0.429744,0.00426,-2.41102,-0.0020281,1.97476,-0.21812
-0.99705,-0.429724,0.00434159,-2.41102,-0.00200508,1.97476,-0.218091
-0.996993,-0.429703,0.0044431,-2.41101,-0.00199078,1.97475,-0.218047
-0.996924,-0.429676,0.00454338,-2.41101,-0.00198453,1.97476,-0.217997
-0.996846,-0.429651,0.00463124,-2.41101,-0.00199074,1.97475,-0.217937
-0.996768,-0.429628,0.00471385,-2.41101,-0.00200889,1.97475,-0.217867
-0.996693,-0.429615,0.00479585,-2.41102,-0.00203247,1.97475,-0.217786
-0.996617,-0.429602,0.00486503,-2.41102,-0.00205582,1.97475,-0.217698
-0.996537,-0.429582,0.00493208,-2.41103,-0.00207522,1.97476,-0.217593
-0.996462,-0.429552,0.00499508,-2.41102,-0.00208218,1.97476,-0.217478
-0.996381,-0.429519,0.00505505,-2.41101,-0.00207963,1.97476,-0.217353
-0.996293,-0.429477,0.0051067,-2.411,-0.00205782,1.97475,-0.217221
-0.996204,-0.429435,0.0051565,-2.41099,-0.00203043,1.97475,-0.217076
-0.996099,-0.429397,0.00520375,-2.41098,-0.0020016,1.97475,-0.216916
-0.995995,-0.429364,0.00525274,-2.41096,-0.00196472,1.97475,-0.216748
-0.995878,-0.42933,0.00530073,-2.41095,-0.00193615,1.97475,-0.216573
-0.995748,-0.429306,0.00535934,-2.41094,-0.00190335,1.97476,-0.216381
-0.99561,-0.429272,0.00541844,-2.41093,-0.00187075,1.97475,-0.216181
-0.995461,-0.429241,0.00548965,-2.41092,-0.00183839,1.97475,-0.215965
-0.9953,-0.429205,0.00556389,-2.4109,-0.0018061,1.97475,-0.215743
-0.995136,-0.429174,0.005637,-2.41088,-0.00177155,1.97475,-0.215517
-0.99497,-0.429139,0.00570917,-2.41087,-0.00173721,1.97476,-0.215273
-0.994793,-0.429095,0.00579048,-2.41086,-0.00170066,1.97476,-0.215023
-0.994611,-0.429056,0.00585953,-2.41084,-0.00166477,1.97476,-0.214767
-0.994426,-0.429016,0.00593302,-2.41081,-0.00163012,1.97475,-0.214504
-0.994233,-0.428967,0.00600244,-2.41079,-0.00158734,1.97476,-0.214236
-0.994037,-0.428921,0.00605491,-2.41077,-0.00154652,1.97476,-0.213951
-0.993834,-0.428874,0.00611964,-2.41075,-0.0014974,1.97475,-0.213664
-0.993627,-0.428827,0.00618187,-2.41072,-0.00144576,1.97476,-0.213358
-0.993415,-0.428783,0.00624772,-2.41069,-0.00139716,1.97476,-0.213042
-0.993201,-0.428736,0.00630949,-2.41066,-0.00134775,1.97477,-0.212717
-0.992977,-0.428689,0.00637045,-2.41064,-0.00130057,1.97477,-0.212376
-0.992743,-0.428651,0.006437,-2.41061,-0.00125346,1.97477,-0.212029
-0.992501,-0.428606,0.00650875,-2.41059,-0.00120453,1.97477,-0.211679
-0.992262,-0.428562,0.00658362,-2.41056,-0.00115844,1.97478,-0.211317
-0.992014,-0.428518,0.00666092,-2.41052,-0.00111019,1.97478,-0.210943
-0.99123,-0.42836,0.00689184,-2.41043,-0.000960056,1.9748,-0.209781
-0.990954,-0.428308,0.00696718,-2.4104,-0.000909017,1.9748,-0.209372
-0.990673,-0.428249,0.00704083,-2.41036,-0.000859664,1.97481,-0.208955
-0.990394,-0.428197,0.00711845,-2.41033,-0.000806975,1.97483,-0.208538
-0.990095,-0.428135,0.00719462,-2.4103,-0.000754258,1.97484,-0.208108
-0.989795,-0.428076,0.00727132,-2.41027,-0.000704727,1.97485,-0.207674
-0.989485,-0.428023,0.00735618,-2.41023,-0.000654386,1.97487,-0.207232
-0.989162,-0.42797,0.00744941,-2.4102,-0.000602621,1.97488,-0.206794
-0.988837,-0.427925,0.00754135,-2.41017,-0.000559817,1.97489,-0.206347
-0.988504,-0.42787,0.00763648,-2.41014,-0.00051393,1.9749,-0.20588
-0.988148,-0.427818,0.00772646,-2.4101,-0.000471729,1.97491,-0.205419
-0.987797,-0.427757,0.00782539,-2.41007,-0.000426933,1.97492,-0.204949
-0.987424,-0.427701,0.00792339,-2.41003,-0.000379433,1.97493,-0.204468
-0.987053,-0.427634,0.00802628,-2.40999,-0.000327878,1.97494,-0.203989
-0.986663,-0.427564,0.00813051,-2.40995,-0.000276802,1.97496,-0.203488
-0.986264,-0.427495,0.00824596,-2.40991,-0.000226259,1.97497,-0.202984
-0.985856,-0.427417,0.00836068,-2.40986,-0.000171884,1.97498,-0.202471
-0.985428,-0.42735,0.00846839,-2.40981,-0.00011969,1.97499,-0.201947
-0.984992,-0.427277,0.0085799,-2.40977,-6.65285e-05,1.975,-0.201423
-0.984539,-0.4272,0.00869711,-2.40972,-1.518e-05,1.97501,-0.200873
-0.98407,-0.427126,0.00881724,-2.40967,3.69204e-05,1.97502,-0.200321
-0.983604,-0.427051,0.00893825,-2.40963,9.15177e-05,1.97503,-0.199748
-0.983118,-0.426974,0.00907134,-2.40958,0.000145252,1.97504,-0.199161
-0.982622,-0.426901,0.00920129,-2.40953,0.000202598,1.97506,-0.198571
-0.982114,-0.426822,0.00933253,-2.40948,0.000261996,1.97506,-0.197968
-0.98158,-0.426737,0.00946011,-2.40943,0.000320212,1.97507,-0.197359
-0.981054,-0.42665,0.00958351,-2.40938,0.000385503,1.97508,-0.196732
-0.980513,-0.426566,0.00971125,-2.40932,0.000444091,1.97509,-0.196088
-0.979962,-0.426473,0.00984007,-2.40926,0.000505165,1.9751,-0.195449
-0.979407,-0.426384,0.00997769,-2.4092,0.000569612,1.97511,-0.194797
-0.978836,-0.426295,0.0101067,-2.40914,0.000634436,1.97512,-0.194125
-0.978257,-0.426199,0.0102316,-2.40907,0.00070332,1.97514,-0.193456
-0.977672,-0.426102,0.010358,-2.409,0.000769489,1.97515,-0.192762
-0.977082,-0.426002,0.0104729,-2.40893,0.000838354,1.97516,-0.192076
-0.976467,-0.425895,0.0105895,-2.40886,0.000907415,1.97518,-0.191368
-0.975842,-0.425794,0.0107135,-2.40879,0.000974032,1.9752,-0.190643
-0.975225,-0.425688,0.0108355,-2.40872,0.00103722,1.97521,-0.189923
-0.97458,-0.425583,0.0109583,-2.40865,0.00110086,1.97523,-0.189178
-0.973931,-0.425478,0.0110796,-2.40857,0.00116334,1.97524,-0.188439
-0.973281,-0.425377,0.0111938,-2.40849,0.00122847,1.97526,-0.187688
-0.972607,-0.425266,0.0113057,-2.40841,0.00128958,1.97527,-0.186925
-0.971941,-0.425148,0.0114348,-2.40833,0.00135658,1.97528,-0.186157
-0.971259,-0.425027,0.0115615,-2.40824,0.00142196,1.9753,-0.185388
-0.970564,-0.424903,0.0116799,-2.40814,0.00148679,1.97532,-0.18462
-0.969863,-0.424777,0.0118028,-2.40805,0.00155148,1.97533,-0.183841
-0.969155,-0.424654,0.0119225,-2.40795,0.00161988,1.97535,-0.18304
-0.968456,-0.424534,0.0120438,-2.40786,0.00168541,1.97537,-0.182258
-0.967735,-0.424408,0.0121543,-2.40776,0.00175386,1.97538,-0.18145
-0.967013,-0.424275,0.0122744,-2.40766,0.00181886,1.97541,-0.18064
-0.966303,-0.424139,0.0123877,-2.40756,0.00188884,1.97543,-0.179823
-0.965568,-0.424004,0.0125045,-2.40745,0.00195626,1.97546,-0.178989
-0.96334,-0.423588,0.0128315,-2.40711,0.0021465,1.97552,-0.176448
-0.962589,-0.423444,0.0129374,-2.407,0.00220955,1.97554,-0.175591
-0.961825,-0.423296,0.0130485,-2.40688,0.0022695,1.97556,-0.174713
-0.961046,-0.423151,0.0131765,-2.40676,0.00233211,1.97559,-0.173842
-0.960273,-0.422998,0.0132909,-2.40664,0.00238676,1.97563,-0.172949
-0.959471,-0.42285,0.0134135,-2.40651,0.00243829,1.97565,-0.172054
-0.958669,-0.422689,0.0135373,-2.40638,0.00249494,1.97568,-0.171153
-0.957848,-0.422522,0.0136603,-2.40625,0.00255036,1.9757,-0.17024
-0.95701,-0.422363,0.0137917,-2.40612,0.00260124,1.97573,-0.169325
-0.956187,-0.422191,0.0139223,-2.40598,0.00265834,1.97577,-0.168395
-0.955335,-0.422027,0.0140596,-2.40584,0.00271161,1.9758,-0.167454
-0.954485,-0.421853,0.0141987,-2.4057,0.00277154,1.97584,-0.166527
-0.953611,-0.421681,0.0143417,-2.40556,0.00283077,1.97587,-0.165578
-0.952727,-0.421502,0.0144854,-2.40541,0.00289127,1.97591,-0.164624
-0.951855,-0.421321,0.0146256,-2.40527,0.00294826,1.97594,-0.163688
-0.95098,-0.421145,0.0147666,-2.40513,0.00300439,1.97599,-0.162717
-0.950072,-0.420962,0.0149024,-2.40498,0.00305921,1.97602,-0.161775
-0.949158,-0.420772,0.0150462,-2.40482,0.00311991,1.97606,-0.160808
-0.948225,-0.42058,0.0151941,-2.40467,0.00317591,1.97609,-0.159814
-0.947304,-0.420389,0.015343,-2.40452,0.00323266,1.97613,-0.158833
-0.946362,-0.420187,0.0154866,-2.40436,0.00327982,1.97617,-0.157832
-0.945395,-0.419985,0.0156343,-2.40419,0.00332847,1.97621,-0.15683
-0.944438,-0.419786,0.0157983,-2.40402,0.00338354,1.97625,-0.155821
-0.94347,-0.419583,0.0159461,-2.40386,0.00343725,1.97629,-0.154789
-0.942505,-0.419374,0.0160921,-2.40369,0.00349287,1.97632,-0.153751
-0.941537,-0.419157,0.0162333,-2.40353,0.00354768,1.97637,-0.152697
-0.940555,-0.418938,0.0163686,-2.40335,0.00360351,1.97641,-0.151653
-0.939551,-0.418716,0.0164951,-2.40316,0.00366109,1.97645,-0.150578
-0.938573,-0.418487,0.0166251,-2.40299,0.00371788,1.97649,-0.149477
-0.937593,-0.418262,0.0167621,-2.4028,0.00376762,1.97653,-0.148397
-0.936593,-0.418032,0.0168749,-2.40262,0.00381583,1.97657,-0.147306
-0.935579,-0.4178,0.0169991,-2.40242,0.00385997,1.97661,-0.146212
-0.934572,-0.417564,0.0171254,-2.40222,0.00390774,1.97665,-0.145121
-0.933531,-0.417333,0.0172476,-2.40203,0.00395144,1.97669,-0.144009
-0.932482,-0.4171,0.0173732,-2.40184,0.00400049,1.97673,-0.142911
-0.931438,-0.416853,0.0175134,-2.40164,0.00404129,1.97678,-0.141802
-0.930365,-0.416616,0.017654,-2.40144,0.00408406,1.97682,-0.140681
-0.929295,-0.416375,0.0177855,-2.40123,0.00413078,1.97686,-0.139567
-0.928219,-0.416111,0.0179182,-2.40102,0.00417806,1.9769,-0.138408
-0.927135,-0.415852,0.0180507,-2.4008,0.00423384,1.97694,-0.137291
-0.926042,-0.415587,0.0181739,-2.40059,0.00428493,1.97698,-0.136133
-0.924948,-0.415327,0.0182982,-2.40037,0.00433802,1.97703,-0.134971
-0.92384,-0.415053,0.0184192,-2.40015,0.00439079,1.97707,-0.1338
-0.922732,-0.414782,0.0185387,-2.39992,0.00444377,1.97712,-0.132616
-0.921594,-0.414512,0.0186596,-2.3997,0.00449292,1.97716,-0.131439
-0.920476,-0.414229,0.0187856,-2.39947,0.00454752,1.9772,-0.130252
-0.919323,-0.413961,0.0189082,-2.39923,0.00458841,1.97726,-0.129038
-0.91816,-0.413676,0.0190286,-2.399,0.00463492,1.97731,-0.127846
-0.917011,-0.413396,0.0191707,-2.39877,0.00468568,1.97735,-0.126648
-0.915862,-0.413112,0.0192965,-2.39854,0.0047386,1.9774,-0.125439
-0.914722,-0.412818,0.0194046,-2.39829,0.0047941,1.97744,-0.124257
-0.913561,-0.412512,0.0194938,-2.39805,0.00484326,1.9775,-0.123042
-0.912403,-0.412217,0.0195975,-2.3978,0.0049015,1.97755,-0.121856
-0.911266,-0.411905,0.0196751,-2.39754,0.00495317,1.97759,-0.120644
-0.910099,-0.41159,0.0197416,-2.39728,0.00500182,1.97765,-0.119415
-0.908939,-0.411274,0.0198224,-2.39703,0.00504911,1.9777,-0.118196
-0.90776,-0.410952,0.0199187,-2.39677,0.00509193,1.97776,-0.116957
-0.906565,-0.410642,0.0200189,-2.3965,0.0051292,1.9778,-0.115737
-0.905369,-0.410314,0.020117,-2.39625,0.0051703,1.97786,-0.114473
-0.904164,-0.409999,0.0202249,-2.39598,0.00520672,1.97792,-0.113199
-0.902964,-0.409676,0.0203355,-2.3957,0.00524389,1.97797,-0.111938
-0.901734,-0.40934,0.0204401,-2.39544,0.00528693,1.97802,-0.110653
-0.900506,-0.40902,0.020548,-2.39516,0.00532884,1.97808,-0.109354
-0.899293,-0.408673,0.0206482,-2.39488,0.00537287,1.97814,-0.108065
-0.898072,-0.408334,0.0207413,-2.39459,0.00541518,1.97819,-0.106759
-0.896851,-0.407978,0.020827,-2.39428,0.00546308,1.97824,-0.105462
-0.8956,-0.407616,0.0209253,-2.39397,0.00551272,1.97829,-0.104149
-0.894327,-0.407258,0.0210251,-2.39367,0.00555542,1.97834,-0.10281
-0.893066,-0.406896,0.0211221,-2.39336,0.00559604,1.97841,-0.101497
-0.891794,-0.406539,0.0212357,-2.39305,0.00562058,1.97847,-0.10016
-0.890518,-0.406181,0.0213526,-2.39275,0.00565257,1.97853,-0.0988332
-0.889263,-0.405824,0.021456,-2.39245,0.00568395,1.97858,-0.0974952
-0.887988,-0.405455,0.0215442,-2.39214,0.0057183,1.97864,-0.0961296
-0.886729,-0.405078,0.0216368,-2.39182,0.00577214,1.97869,-0.0948005
-0.885475,-0.404695,0.0217251,-2.39151,0.00581361,1.97875,-0.0934326
-0.884199,-0.404314,0.0217939,-2.39118,0.00585466,1.97881,-0.0920614
-0.88293,-0.403925,0.0218697,-2.39086,0.0058914,1.97887,-0.0906924
-0.881638,-0.403539,0.0219458,-2.39053,0.00592169,1.97893,-0.0893156
-0.880346,-0.403141,0.0220246,-2.39019,0.00593584,1.97897,-0.0879592
-0.879033,-0.402746,0.0220983,-2.38986,0.00595757,1.97902,-0.0865776
-0.877717,-0.402342,0.0222008,-2.38953,0.00597788,1.97908,-0.0851923
-0.876416,-0.401939,0.0222994,-2.38919,0.00600755,1.97914,-0.0838346
-0.875086,-0.401533,0.0223869,-2.38885,0.00603747,1.9792,-0.0824531
-0.873757,-0.40112,0.0224777,-2.38851,0.00607112,1.97927,-0.0810938
-0.872458,-0.400696,0.0225644,-2.38818,0.00610686,1.97933,-0.0797017
-0.871116,-0.400275,0.0226366,-2.38783,0.00614024,1.97938,-0.0783023
-0.869773,-0.39984,0.0227107,-2.38748,0.00617316,1.97943,-0.0769269
-0.868428,-0.39939,0.0227919,-2.38712,0.00620652,1.97948,-0.0755251
-0.86704,-0.398947,0.0228737,-2.38676,0.00623045,1.97953,-0.0741202
-0.865674,-0.398508,0.0229544,-2.38641,0.00625371,1.97959,-0.0726897
-0.864309,-0.398069,0.0230565,-2.38604,0.00627745,1.97965,-0.0712486
-0.862963,-0.397629,0.0231396,-2.38568,0.00629295,1.97972,-0.0698397
-0.861584,-0.397172,0.0232003,-2.38531,0.00631559,1.97978,-0.0684035
-0.860216,-0.396721,0.0232609,-2.38494,0.00634912,1.97985,-0.0669918
-0.858882,-0.39625,0.0233237,-2.38457,0.0063815,1.97992,-0.0655499
-0.857499,-0.395778,0.0233638,-2.38417,0.00641095,1.97999,-0.0641091
-0.856127,-0.395299,0.0234075,-2.38378,0.00643762,1.98007,-0.062678
-0.854736,-0.394805,0.0234676,-2.38338,0.00645765,1.98014,-0.0612277
-0.853322,-0.394323,0.0235326,-2.38297,0.00647115,1.9802,-0.0597719
-0.851889,-0.393836,0.0235983,-2.38257,0.00648338,1.98026,-0.0583413
-0.850489,-0.393353,0.0236712,-2.38215,0.00649454,1.98032,-0.056865
-0.849063,-0.392859,0.0237444,-2.38174,0.00651267,1.9804,-0.0554226
-0.847662,-0.392356,0.0238135,-2.38132,0.0065307,1.98048,-0.0539416
-0.846255,-0.391849,0.0238729,-2.3809,0.00656553,1.98056,-0.0524688
-0.844856,-0.391335,0.0239361,-2.38046,0.00659286,1.98066,-0.0509873
-0.843406,-0.390798,0.0239754,-2.38003,0.00662808,1.98074,-0.0495124
-0.841944,-0.39028,0.0240364,-2.37957,0.00665386,1.98081,-0.0480455
-0.840506,-0.38975,0.0241079,-2.37913,0.00668092,1.98088,-0.0465821
-0.839049,-0.389224,0.0241862,-2.37867,0.00669121,1.98096,-0.0450859
-0.837613,-0.388693,0.024256,-2.37821,0.00670798,1.98104,-0.0436367
-0.836166,-0.388153,0.0243225,-2.37776,0.00671734,1.98112,-0.0421568
-0.834706,-0.387628,0.0243739,-2.3773,0.00674487,1.98119,-0.0406819
-0.833291,-0.387092,0.0244182,-2.37684,0.00677378,1.98127,-0.0392248
-0.831855,-0.386549,0.0244359,-2.37636,0.00680231,1.98136,-0.0377425
-0.830396,-0.385979,0.0244568,-2.37588,0.00682281,1.98146,-0.0362625
-0.828972,-0.385416,0.0244968,-2.37539,0.00684307,1.98155,-0.0347653
-0.827513,-0.384849,0.0245441,-2.3749,0.00685329,1.98163,-0.0332584
-0.826051,-0.384262,0.0245788,-2.37442,0.00685733,1.9817,-0.031761
-0.824562,-0.383695,0.0246314,-2.37392,0.00685962,1.98178,-0.030253
-0.823081,-0.383119,0.0246868,-2.37342,0.00687431,1.98185,-0.0287427
-0.821639,-0.382546,0.0247367,-2.37293,0.00689079,1.98192,-0.0272305
-0.820172,-0.381981,0.0247638,-2.37243,0.00690365,1.98202,-0.0256998
-0.818716,-0.381402,0.0247952,-2.37193,0.00692741,1.98212,-0.0241845
-0.817223,-0.380804,0.0248199,-2.37142,0.00695573,1.98221,-0.0226521
-0.815718,-0.380208,0.0248455,-2.3709,0.00698077,1.98229,-0.0211457
-0.814233,-0.379596,0.0248882,-2.37037,0.00700149,1.98237,-0.0196067
-0.809783,-0.37778,0.0250142,-2.36876,0.00701928,1.98261,-0.0149882
-0.808279,-0.377196,0.0250239,-2.36821,0.00703556,1.98269,-0.0134421
-0.806815,-0.376591,0.0250351,-2.36766,0.00705501,1.98278,-0.0119043
-0.805331,-0.375982,0.0250259,-2.3671,0.00707134,1.98288,-0.0103542
-0.803853,-0.37536,0.0250276,-2.36654,0.00707979,1.98297,-0.00880734
-0.802364,-0.374729,0.0250374,-2.36599,0.0070867,1.98305,-0.00727511
-0.800843,-0.374088,0.025066,-2.36542,0.00708291,1.98313,-0.00571203
-0.799304,-0.373432,0.0250921,-2.36484,0.0070798,1.98319,-0.00420789
-0.797799,-0.372772,0.0251256,-2.36429,0.0070768,1.98327,-0.00265709
-0.796294,-0.372129,0.0251671,-2.36374,0.00707861,1.98334,-0.00114627
-0.794801,-0.371494,0.0251998,-2.36319,0.00708247,1.98343,0.000395671
-0.793294,-0.370858,0.0252178,-2.36264,0.00708599,1.98353,0.00193956
-0.791799,-0.3702,0.0252323,-2.36209,0.00709812,1.98362,0.0034738
-0.790257,-0.369535,0.0252429,-2.36154,0.00711797,1.98369,0.00502298
-0.788696,-0.368866,0.0252627,-2.36096,0.00712873,1.98375,0.00656504
-0.787172,-0.368191,0.0253011,-2.3604,0.00714053,1.9838,0.00812585
-0.785645,-0.367525,0.0253411,-2.35981,0.00713984,1.98387,0.00970061
-0.784153,-0.366848,0.0253651,-2.35922,0.00714084,1.98394,0.0112353
-0.782623,-0.366166,0.0253836,-2.35865,0.00714441,1.98401,0.0127879
-0.781091,-0.365505,0.0253775,-2.35807,0.00715269,1.98408,0.0143443
-0.779599,-0.364828,0.0253694,-2.35749,0.00716346,1.98417,0.0158797
-0.778072,-0.364152,0.0253473,-2.35689,0.00717215,1.98425,0.017437
-0.776553,-0.363444,0.0253602,-2.35628,0.00716857,1.98434,0.0189757
-0.77505,-0.362729,0.025368,-2.35567,0.00716243,1.98441,0.020525
-0.773485,-0.362018,0.0253777,-2.35504,0.00714801,1.98447,0.0221093
-0.771927,-0.361307,0.0254067,-2.35441,0.00714523,1.98452,0.0236486
-0.770413,-0.360585,0.0254408,-2.35379,0.00713388,1.98459,0.0252329
-0.768882,-0.359876,0.0254542,-2.35315,0.00712667,1.98467,0.0267679
-0.767375,-0.359151,0.0254527,-2.35252,0.00712575,1.98477,0.0283373
-0.76584,-0.358424,0.0254574,-2.35188,0.00713969,1.98487,0.0299029
-0.764313,-0.357669,0.0254525,-2.35123,0.00715981,1.98496,0.0314396
-0.762754,-0.356919,0.025448,-2.35059,0.00718365,1.98504,0.0329812
-0.761192,-0.356187,0.0254636,-2.34993,0.0071856,1.98512,0.0345052
-0.759672,-0.355451,0.0254835,-2.34926,0.00718443,1.98521,0.0360444
-0.758146,-0.354722,0.0254973,-2.34858,0.00718275,1.98529,0.0375775
-0.756624,-0.353996,0.0254869,-2.34791,0.00718201,1.98536,0.0391066
-0.755082,-0.353248,0.0254598,-2.34724,0.00718708,1.98544,0.0406348
-0.753551,-0.352517,0.0254372,-2.34656,0.00719817,1.98552,0.0421912
-0.752033,-0.351767,0.0253922,-2.34588,0.00719024,1.98562,0.0437168
-0.750509,-0.351027,0.0253694,-2.34518,0.00717654,1.98573,0.0452691
-0.748972,-0.350261,0.0253682,-2.34448,0.0071581,1.98583,0.0467957
-0.747429,-0.349484,0.0253655,-2.3438,0.0071379,1.98591,0.0483542
-0.745861,-0.34872,0.0253648,-2.34309,0.00712396,1.98599,0.0499146
-0.744339,-0.347939,0.025383,-2.34238,0.00711724,1.98607,0.05145
-0.742804,-0.347142,0.0253859,-2.34166,0.00710617,1.98616,0.0530067
-0.74127,-0.346356,0.025382,-2.34094,0.00711119,1.98626,0.0545433
-0.739761,-0.345563,0.0253725,-2.34024,0.00712476,1.98637,0.0561107
-0.738194,-0.344792,0.0253526,-2.33952,0.0071456,1.98646,0.0576665
-0.736631,-0.344004,0.0253394,-2.33881,0.00716181,1.98654,0.0592014
-0.735067,-0.343205,0.0253572,-2.33811,0.00717085,1.98662,0.0607661
-0.733525,-0.342419,0.0253721,-2.3374,0.00716902,1.9867,0.0623
-0.732013,-0.341629,0.025382,-2.3367,0.00715752,1.98676,0.0638643
-0.730464,-0.340835,0.025376,-2.336,0.00715449,1.98682,0.0654072
-0.728952,-0.340036,0.0253519,-2.33529,0.00715463,1.98689,0.0669484
-0.727426,-0.339231,0.0253112,-2.33459,0.00715453,1.98698,0.0685095
-0.725892,-0.338419,0.0252652,-2.33388,0.00715165,1.98706,0.0700663
-0.7244,-0.337597,0.0252451,-2.33315,0.00714313,1.98715,0.0715771
-0.72287,-0.336763,0.0252213,-2.33244,0.00712191,1.98722,0.0731151
-0.721302,-0.335944,0.0252069,-2.33172,0.00711398,1.98728,0.0746116
-0.719771,-0.335115,0.0252009,-2.331,0.00710621,1.98732,0.076141
-0.718242,-0.334284,0.0252089,-2.33027,0.0071035,1.98736,0.0776632
-0.716754,-0.333449,0.0252067,-2.32953,0.00709651,1.98743,0.0791562
-0.71523,-0.332607,0.0251788,-2.32879,0.00708646,1.9875,0.0806664
-0.7137,-0.331765,0.0251534,-2.32804,0.00709218,1.98758,0.0821756
-0.712176,-0.330917,0.0251266,-2.3273,0.00709971,1.98764,0.0836974
-0.710613,-0.330087,0.0250936,-2.32654,0.00709946,1.9877,0.0852317
-0.709089,-0.329258,0.0250756,-2.32578,0.00708963,1.98777,0.0867458
-0.707572,-0.328419,0.0250848,-2.32502,0.00706754,1.98784,0.0882682
-0.706061,-0.327589,0.0250756,-2.32424,0.00705477,1.9879,0.0897855
-0.70455,-0.326742,0.0250397,-2.32345,0.00705124,1.98795,0.0912792
-0.70303,-0.325906,0.0250061,-2.32266,0.00706097,1.98801,0.092792
-0.701548,-0.325058,0.0249565,-2.32187,0.00706389,1.98808,0.0942834
-0.700027,-0.324203,0.0248873,-2.32108,0.00705698,1.98817,0.0957763
-0.698528,-0.323361,0.0248386,-2.32028,0.00703802,1.98826,0.097277
-0.697046,-0.322496,0.0248112,-2.31946,0.00701419,1.98834,0.0987503
-0.695517,-0.321625,0.0247778,-2.31866,0.00699235,1.9884,0.100277
-0.693972,-0.320736,0.0247556,-2.31783,0.00698393,1.98844,0.101741
-0.692477,-0.319831,0.0247525,-2.31702,0.0069601,1.9885,0.103249
-0.690967,-0.318963,0.0247324,-2.3162,0.00693703,1.98858,0.104742
-0.689488,-0.31809,0.0247111,-2.31538,0.00691319,1.98867,0.106226
-0.687998,-0.317217,0.024669,-2.31457,0.00690187,1.98876,0.107705
-0.686474,-0.316368,0.0246264,-2.31376,0.00689243,1.98883,0.109161
-0.684952,-0.315511,0.024586,-2.31295,0.00688674,1.9889,0.110611
-0.683428,-0.314647,0.024564,-2.31213,0.00686837,1.98896,0.112087
-0.681947,-0.313772,0.0245631,-2.31131,0.00684963,1.98902,0.113522
-0.68046,-0.312889,0.0245552,-2.31049,0.00682637,1.98907,0.114971
-0.678956,-0.312017,0.0245286,-2.30968,0.00680311,1.98912,0.116412
-0.677481,-0.311131,0.0244833,-2.30889,0.00678703,1.98917,0.117841
-0.675999,-0.31025,0.0244334,-2.30808,0.00677006,1.98923,0.119281
-0.674569,-0.309349,0.0243781,-2.30728,0.00674948,1.98929,0.120708
-0.673094,-0.308448,0.0243138,-2.30647,0.00672354,1.98937,0.122158
-0.671638,-0.30754,0.0242742,-2.30565,0.00669308,1.98944,0.123614
-0.670176,-0.306619,0.0242307,-2.30483,0.00667195,1.98948,0.125047
-0.66868,-0.305689,0.024196,-2.30402,0.00664499,1.9895,0.126495
-0.667185,-0.30477,0.0241738,-2.30319,0.00661835,1.98953,0.127928
-0.665751,-0.303875,0.0241597,-2.30237,0.00659014,1.98957,0.129371
-0.664289,-0.302988,0.0241175,-2.30155,0.00655104,1.98962,0.130828
-0.662857,-0.302107,0.0240826,-2.30071,0.00652435,1.98968,0.132242
-0.661407,-0.301235,0.0240345,-2.29988,0.00650617,1.98974,0.133679
-0.659928,-0.300363,0.0239648,-2.29904,0.00648904,1.98979,0.135093
-0.658473,-0.29947,0.0239128,-2.29819,0.00646894,1.98984,0.136531
-0.657019,-0.298573,0.02388,-2.29732,0.0064393,1.98989,0.137959
-0.655566,-0.297653,0.023851,-2.29642,0.00641362,1.98992,0.139375
-0.654128,-0.296729,0.023811,-2.29555,0.00638955,1.98997,0.140787
-0.652689,-0.295823,0.0237601,-2.29466,0.00636047,1.99002,0.142213
-0.651282,-0.294907,0.023705,-2.29381,0.00634449,1.99007,0.143599
-0.649861,-0.293976,0.0236252,-2.29294,0.0063217,1.99014,0.145007
-0.648454,-0.293045,0.0235496,-2.29206,0.00631116,1.99021,0.146383
-0.647065,-0.292125,0.0234819,-2.29119,0.006288,1.99028,0.147782
-0.645651,-0.291221,0.0234172,-2.29031,0.00626506,1.99034,0.149167
-0.644227,-0.290311,0.0233579,-2.28943,0.00623696,1.99038,0.150518
-0.642798,-0.289401,0.0233115,-2.28854,0.00620596,1.99041,0.151882
-0.641383,-0.288514,0.0232776,-2.28766,0.00617236,1.99045,0.15323
-0.639986,-0.287618,0.0232331,-2.28679,0.00613198,1.99049,0.154575
-0.638571,-0.286733,0.0231857,-2.28593,0.00609676,1.99055,0.155921
-0.637188,-0.285819,0.0231287,-2.28506,0.00606536,1.9906,0.157244
-0.635817,-0.2849,0.0230658,-2.2842,0.00605063,1.99066,0.158584
-0.634419,-0.28398,0.022985,-2.28335,0.00603069,1.99071,0.15991
-0.633034,-0.283045,0.0229078,-2.28249,0.00600707,1.99075,0.161252
-0.631639,-0.282105,0.022856,-2.28164,0.0059889,1.99078,0.162591
-0.630261,-0.281158,0.0228251,-2.28077,0.00597076,1.99081,0.163922
-0.628868,-0.2802,0.0227856,-2.27992,0.00594304,1.99082,0.165266
-0.627493,-0.27925,0.0227446,-2.27906,0.00591858,1.99085,0.16661
-0.626142,-0.278307,0.0227007,-2.27822,0.00589392,1.99087,0.167915
-0.624769,-0.277402,0.0226439,-2.27737,0.00586898,1.99089,0.169223
-0.623415,-0.2765,0.022566,-2.27652,0.00584466,1.99093,0.170516
-0.622097,-0.275583,0.0224954,-2.27567,0.00582286,1.99096,0.171829
-0.620752,-0.274687,0.0224226,-2.27479,0.00579911,1.99099,0.173124
-0.619441,-0.273769,0.0223643,-2.2739,0.00577338,1.99102,0.174403
-0.618087,-0.272844,0.0222957,-2.27303,0.00574537,1.99105,0.175699
-0.616732,-0.271943,0.0222208,-2.27214,0.00570994,1.99106,0.17697
-0.61541,-0.271036,0.0221699,-2.27125,0.00567974,1.99108,0.178264
-0.614089,-0.270138,0.0221137,-2.27034,0.00564737,1.99111,0.179541
-0.61279,-0.269218,0.0220544,-2.26944,0.00562163,1.99114,0.180811
-0.611474,-0.26828,0.0219942,-2.26854,0.00559881,1.99119,0.182092
-0.610167,-0.267333,0.0219269,-2.26764,0.00558714,1.99122,0.183345
-0.608877,-0.266397,0.0218509,-2.26675,0.00557167,1.99126,0.184607
-0.607557,-0.265461,0.0217655,-2.26584,0.00555416,1.9913,0.185864
-0.606266,-0.264531,0.0217097,-2.26492,0.00553696,1.99133,0.187084
-0.604958,-0.26362,0.0216608,-2.26403,0.00551215,1.99136,0.188327
-0.60364,-0.262736,0.0216144,-2.26313,0.0054773,1.99139,0.189547
-0.602344,-0.261852,0.0215667,-2.26224,0.00544627,1.99142,0.19075
-0.601052,-0.260984,0.0215077,-2.26132,0.00541619,1.99145,0.191951
-0.59977,-0.260093,0.0214475,-2.26042,0.00538964,1.99148,0.193128
-0.598514,-0.2592,0.0213554,-2.25955,0.00536708,1.99151,0.194322
-0.597263,-0.258304,0.0212761,-2.25867,0.0053455,1.99154,0.195521
-0.596017,-0.257393,0.0211854,-2.25779,0.00532086,1.99157,0.196699
-0.594775,-0.256469,0.0210776,-2.25693,0.00529123,1.9916,0.197892
-0.593535,-0.25555,0.0209884,-2.25606,0.00527036,1.99161,0.199067
-0.592315,-0.254614,0.0209104,-2.2552,0.00524225,1.99162,0.200259
-0.591067,-0.253695,0.0208313,-2.25434,0.00521506,1.99163,0.201458
-0.589836,-0.252757,0.0207548,-2.25347,0.00518268,1.99164,0.202631
-0.588592,-0.251847,0.0206918,-2.25262,0.00515832,1.99164,0.203814
-0.587358,-0.25096,0.0206345,-2.25176,0.00512855,1.99165,0.20498
-0.586137,-0.250066,0.020559,-2.25092,0.00510013,1.99166,0.206168
-0.584913,-0.249201,0.0204949,-2.25005,0.00507016,1.99168,0.207348
-0.583732,-0.248332,0.0204337,-2.24917,0.00504805,1.99169,0.208508
-0.582519,-0.247448,0.0203597,-2.24829,0.00502194,1.9917,0.209663
-0.581288,-0.246569,0.0202761,-2.2474,0.00500421,1.99172,0.210829
-0.580073,-0.245687,0.0202153,-2.24652,0.00498165,1.99173,0.211968
-0.578871,-0.244809,0.020158,-2.24565,0.00495231,1.99175,0.213109
-0.577659,-0.243937,0.0200987,-2.24475,0.00491197,1.99177,0.21422
-0.576481,-0.243049,0.0200413,-2.24387,0.00487589,1.99179,0.215354
-0.575297,-0.242165,0.0199805,-2.24296,0.00484791,1.9918,0.216482
-0.574138,-0.241259,0.0199139,-2.24206,0.00482642,1.99181,0.217592
-0.572964,-0.240363,0.0198287,-2.24119,0.00481544,1.99182,0.218694
-0.571809,-0.23949,0.0197482,-2.24031,0.00479471,1.99185,0.219781
-0.570697,-0.238608,0.0196714,-2.23943,0.00477311,1.99187,0.220882
-0.569551,-0.237745,0.0195826,-2.23855,0.00475205,1.99189,0.221975
-0.568423,-0.236899,0.0194924,-2.23766,0.00473279,1.99189,0.223043
-0.567301,-0.236057,0.019418,-2.23678,0.00470471,1.99189,0.224117
-0.566154,-0.235233,0.0193309,-2.2359,0.00467798,1.99189,0.225189
-0.565028,-0.234393,0.0192475,-2.23503,0.0046373,1.9919,0.226229
-0.563907,-0.233553,0.0191767,-2.23416,0.00460022,1.99191,0.22728
-0.562794,-0.232714,0.0191155,-2.2333,0.0045735,1.99192,0.228293
-0.561687,-0.231857,0.0190364,-2.23246,0.00453853,1.99192,0.229323
-0.560574,-0.231008,0.0189488,-2.23162,0.00451077,1.99194,0.230334
-0.559508,-0.230147,0.0188841,-2.23079,0.00449319,1.99194,0.231329
-0.55843,-0.22927,0.0188097,-2.22996,0.00446759,1.99195,0.232333
-0.557351,-0.228412,0.0187157,-2.22913,0.0044487,1.99194,0.23331
-0.556282,-0.227545,0.018625,-2.22832,0.00442695,1.99193,0.234312
-0.555192,-0.226687,0.0185392,-2.2275,0.00441122,1.99193,0.235313
-0.554125,-0.225835,0.0184595,-2.22668,0.00439597,1.99191,0.236293
-0.553041,-0.224998,0.0183904,-2.22587,0.00436281,1.9919,0.237282
-0.551974,-0.224187,0.0183264,-2.22507,0.00432884,1.99191,0.238272
-0.550925,-0.223376,0.0182674,-2.22427,0.00428984,1.9919,0.239259
-0.549851,-0.222576,0.0181925,-2.22346,0.00425935,1.99191,0.240246
-0.548815,-0.221766,0.01813,-2.22264,0.00423292,1.99191,0.241211
-0.54779,-0.220949,0.0180586,-2.22182,0.00421049,1.99192,0.242199
-0.54676,-0.220146,0.0179675,-2.221,0.00418806,1.99194,0.243185
-0.545752,-0.21934,0.0178769,-2.22018,0.00416221,1.99196,0.24414
-0.544757,-0.218545,0.0177796,-2.21934,0.00413723,1.99197,0.2451
-0.543749,-0.21774,0.0176702,-2.2185,0.00411349,1.99197,0.246029
-0.542762,-0.216941,0.0175574,-2.21768,0.00408713,1.99197,0.246971
-0.541781,-0.21615,0.0174612,-2.21685,0.00405879,1.99197,0.247904
-0.540812,-0.215327,0.0173749,-2.21602,0.00402712,1.99196,0.248815
-0.539824,-0.21451,0.0172806,-2.21521,0.0040036,1.99197,0.249723
-0.538843,-0.213717,0.0172041,-2.21439,0.00397456,1.99197,0.250625
-0.537874,-0.212932,0.0171318,-2.2136,0.00394784,1.99196,0.251519
-0.536892,-0.212163,0.0170621,-2.21279,0.0039195,1.99196,0.252417
-0.535936,-0.211408,0.0169912,-2.21198,0.00388738,1.99196,0.253293
-0.534984,-0.210657,0.0169213,-2.21119,0.00385577,1.99197,0.254176
-0.534019,-0.209916,0.0168434,-2.21038,0.00383305,1.99196,0.255044
-0.533078,-0.209172,0.0167663,-2.20959,0.00381277,1.99196,0.255921
-0.532144,-0.208433,0.0166902,-2.20879,0.00379577,1.99195,0.256799
-0.531236,-0.207673,0.0166069,-2.208,0.00377585,1.99196,0.257657
-0.530315,-0.206926,0.0165198,-2.20723,0.00375303,1.99196,0.258512
-0.529386,-0.206184,0.0164287,-2.20647,0.0037263,1.99196,0.259374
-0.528468,-0.205435,0.0163503,-2.20572,0.00370531,1.99196,0.260212
-0.527553,-0.204695,0.0162819,-2.20498,0.00368692,1.99195,0.261046
-0.526637,-0.203957,0.0162084,-2.20423,0.00366726,1.99195,0.261867
-0.525738,-0.203209,0.0161549,-2.2035,0.00364373,1.99194,0.262693
-0.52484,-0.202476,0.0160988,-2.20278,0.00362883,1.99193,0.263497
-0.523947,-0.201745,0.0160265,-2.20204,0.0036064,1.99191,0.264299
-0.523052,-0.201008,0.0159586,-2.20133,0.00358604,1.99188,0.265089
-0.522189,-0.2003,0.0158829,-2.20061,0.00356032,1.99187,0.265853
-0.521343,-0.199581,0.0158046,-2.19991,0.00353622,1.99186,0.266621
-0.520487,-0.198884,0.0157185,-2.19921,0.00352056,1.99185,0.267379
-0.51965,-0.198182,0.0156341,-2.1985,0.00350336,1.99185,0.268133
-0.518824,-0.197481,0.0155415,-2.1978,0.00348959,1.99185,0.268868
-0.517996,-0.196802,0.0154439,-2.19709,0.00347407,1.99184,0.269597
-0.517186,-0.196124,0.0153516,-2.19638,0.00345894,1.99185,0.270321
-0.516376,-0.195463,0.0152595,-2.19566,0.00344105,1.99184,0.271053
-0.51557,-0.194793,0.0151698,-2.19496,0.00342071,1.99184,0.271767
-0.514776,-0.194109,0.0150653,-2.19426,0.00339281,1.99183,0.272497
-0.513965,-0.193444,0.014971,-2.19355,0.00336618,1.99183,0.273208
-0.513187,-0.192782,0.014887,-2.19284,0.00334382,1.99183,0.273919
-0.512393,-0.192131,0.0148036,-2.19214,0.00331991,1.99182,0.274641
-0.511612,-0.19148,0.014725,-2.19143,0.00329801,1.99182,0.275349
-0.510844,-0.190821,0.0146504,-2.19075,0.00327292,1.99182,0.276063
-0.510069,-0.190177,0.0145731,-2.19005,0.00325485,1.9918,0.276765
-0.509306,-0.189526,0.0144888,-2.18937,0.00324187,1.99179,0.277463
-0.508541,-0.18888,0.0144122,-2.1887,0.00322048,1.99179,0.278167
-0.507795,-0.188251,0.0143323,-2.18803,0.00321077,1.99178,0.278855
-0.507055,-0.187625,0.0142495,-2.18738,0.00318654,1.99176,0.279539
-0.506311,-0.187021,0.014165,-2.18673,0.00317257,1.99175,0.280223
-0.505593,-0.186418,0.0140849,-2.18607,0.00315537,1.99173,0.280902
-0.504876,-0.185804,0.0140093,-2.18544,0.00314489,1.99171,0.281581
-0.50415,-0.185208,0.0139226,-2.18478,0.00313066,1.99169,0.282239
-0.50344,-0.184629,0.0138482,-2.18414,0.0031142,1.99167,0.282892
-0.50272,-0.184052,0.0137689,-2.18351,0.00309248,1.99166,0.283548
-0.502006,-0.183472,0.0136845,-2.18288,0.00306796,1.99165,0.284181
-0.501315,-0.182896,0.0136084,-2.18227,0.00303893,1.99164,0.284817
-0.500618,-0.182336,0.0135244,-2.18165,0.00301522,1.99162,0.285436
-0.499923,-0.18176,0.013451,-2.18105,0.00299174,1.9916,0.286039
-0.499243,-0.181188,0.0133732,-2.18046,0.00297047,1.99158,0.286645
-0.49857,-0.180626,0.0132923,-2.17987,0.00295215,1.99156,0.287242
-0.497905,-0.180062,0.0132183,-2.17929,0.0029365,1.99153,0.287828
-0.497245,-0.179508,0.0131459,-2.17874,0.0029192,1.99151,0.288411
-0.496596,-0.178958,0.0130636,-2.17817,0.00289485,1.99148,0.288976
-0.49596,-0.178414,0.0129791,-2.17762,0.0028713,1.99145,0.289537
-0.495324,-0.177878,0.0128938,-2.17708,0.00285552,1.99141,0.290084
-0.494695,-0.177343,0.0128133,-2.17655,0.00283747,1.99138,0.290629
-0.494078,-0.176826,0.0127289,-2.17602,0.0028195,1.99134,0.291173
-0.49347,-0.176301,0.0126384,-2.1755,0.00280192,1.99132,0.291707
-0.492869,-0.175788,0.0125463,-2.17498,0.00278222,1.99128,0.29224
-0.492269,-0.175285,0.0124596,-2.17446,0.00276203,1.99125,0.292766
-0.491684,-0.174786,0.0123764,-2.17396,0.00274341,1.99121,0.29328
-0.491105,-0.174287,0.0122782,-2.17345,0.00272246,1.99118,0.293796
-0.490525,-0.173788,0.0121842,-2.17294,0.00270041,1.99115,0.294294
-0.489961,-0.173303,0.0120966,-2.17244,0.00267627,1.99112,0.294803
-0.489399,-0.17283,0.0120049,-2.17195,0.00265741,1.99109,0.295301
-0.488843,-0.172356,0.0119097,-2.17145,0.00263531,1.99107,0.29579
-0.488298,-0.171882,0.0118088,-2.17097,0.00261761,1.99105,0.296271
-0.487752,-0.171421,0.0117164,-2.17048,0.00259942,1.99103,0.296732
-0.487217,-0.170961,0.0116342,-2.17,0.00258434,1.991,0.297204
-0.486685,-0.17051,0.0115445,-2.16953,0.0025667,1.99098,0.29767
-0.486163,-0.170065,0.0114666,-2.16906,0.00254932,1.99097,0.29812
-0.485628,-0.169625,0.0113841,-2.1686,0.00253401,1.99095,0.298566
-0.485114,-0.169205,0.0113056,-2.16814,0.00252234,1.99093,0.298998
-0.484606,-0.168777,0.0112334,-2.1677,0.00250778,1.99092,0.299425
-0.484097,-0.168369,0.0111537,-2.16725,0.00249653,1.9909,0.299849
-0.483595,-0.167948,0.0110799,-2.16679,0.00248126,1.99088,0.300257
-0.4831,-0.167532,0.0110043,-2.16636,0.00246723,1.99087,0.300658
-0.482615,-0.167128,0.0109373,-2.16592,0.00245545,1.99085,0.301058
-0.482142,-0.166732,0.0108617,-2.16551,0.00244024,1.99084,0.301444
-0.481668,-0.166336,0.0107846,-2.16509,0.00242429,1.99083,0.301821
-0.481199,-0.165951,0.0107125,-2.16468,0.00241197,1.99082,0.302188
-0.480752,-0.165569,0.0106479,-2.16428,0.00239956,1.9908,0.302559
-0.480303,-0.165205,0.0105729,-2.16388,0.00238519,1.99078,0.302925
-0.479857,-0.164847,0.0104953,-2.16348,0.00237737,1.99076,0.303284
-0.479422,-0.164502,0.0104142,-2.16311,0.00236466,1.99075,0.30363
-0.478989,-0.164162,0.0103303,-2.16274,0.00235251,1.99073,0.303967
-0.478573,-0.16383,0.0102458,-2.16238,0.00233667,1.99072,0.304306
-0.478156,-0.163501,0.0101615,-2.16202,0.00232262,1.9907,0.304639
-0.477748,-0.163177,0.010084,-2.16167,0.00231015,1.99068,0.30496
-0.477344,-0.162855,0.00999767,-2.16133,0.00229617,1.99066,0.305278
-0.476947,-0.162544,0.00991591,-2.16098,0.00228446,1.99065,0.305586
-0.476561,-0.162245,0.0098354,-2.16066,0.00226952,1.99063,0.305893
-0.476184,-0.161948,0.00975512,-2.16033,0.00225444,1.99062,0.306192
-0.475807,-0.161667,0.0096814,-2.16002,0.00223752,1.99061,0.30648
-0.475436,-0.161381,0.00959681,-2.15971,0.00222314,1.99059,0.30676
-0.475068,-0.16111,0.00950894,-2.1594,0.00220744,1.99058,0.307042
-0.474709,-0.160839,0.00942696,-2.1591,0.00219047,1.99056,0.307307
-0.474361,-0.160568,0.00935212,-2.1588,0.00217706,1.99054,0.307575
-0.474025,-0.16031,0.00927734,-2.15851,0.00216487,1.99052,0.307831
-0.473686,-0.160061,0.00919989,-2.15824,0.00214976,1.99051,0.308082
-0.473355,-0.159815,0.00912758,-2.15797,0.00214046,1.9905,0.308329
-0.473035,-0.159574,0.00905226,-2.1577,0.00212333,1.99049,0.308566
-0.472719,-0.159339,0.00897889,-2.15745,0.00211011,1.99048,0.308796
-0.472402,-0.159121,0.00890507,-2.1572,0.00209788,1.99047,0.309022
-0.472102,-0.158891,0.00883341,-2.15695,0.00208509,1.99045,0.309245
-0.4718,-0.158678,0.00875599,-2.15671,0.00207268,1.99044,0.309468
-0.471514,-0.158466,0.00867951,-2.15649,0.00206071,1.99042,0.309678
-0.471231,-0.158271,0.00860066,-2.15627,0.0020505,1.99041,0.309884
-0.470954,-0.158074,0.00852927,-2.15606,0.00203467,1.9904,0.310089
-0.470688,-0.157891,0.0084484,-2.15586,0.00202255,1.99038,0.31029
-0.470431,-0.157715,0.00837643,-2.15567,0.00200937,1.99037,0.310477
-0.470178,-0.157544,0.00830139,-2.15549,0.00199665,1.99036,0.310667